19,5	33,74163	2,797704	0	0	False
19,5	33,74163	3,053007	0	0	False
19,5	33,74163	3,287889	0	0	False
19,5	33,74163	3,532061	0	0	False
19,5	33,74163	3,733027	0	0	False
19,5	33,74163	3,947169	0	0	False
19,5	33,74163	4,215179	0	0	False
19,5	33,74163	4,484187	0	0	False
19,5	33,74163	4,752578	0	0	False
19,5	33,74163	5,01997	0	0	False
19,5	33,74163	5,275802	0	0	False
19,5	33,74163	5,543161	0	0	False
19,5	33,74163	5,811403	0	0	False
19,5	33,74163	6,08059	0	0	False
19,5	33,74163	6,34798	0	0	False
19,5	33,74163	2,995539	0	0	False
19,5	33,74163	3,261014	0	0	False
19,5	33,74163	3,527928	0	0	False
19,5	33,74163	3,795079	0	0	False
19,5	33,74163	4,063389	0	0	False
19,5	33,74163	4,331832	0	0	False
19,5	33,74163	4,600077	0	0	False
19,5	33,74163	4,870295	0	0	False
19,5	33,74163	5,071034	0	0	False
19,5	33,74163	5,271061	0	0	False
19,5	33,74163	5,504175	0	0	False
19,5	33,74163	5,773096	0	0	False
19,5	33,74163	6,040801	0	0	False
19,5	33,74163	6,308866	0	0	False
19,5	33,74163	6,576912	0	0	False
19,5	33,74163	6,846173	0	0	False
19,5	33,74163	7,112876	0	0	False
19,5	33,74163	7,380581	0	0	False
19,5	33,74163	7,650525	0	0	False
19,5	33,74163	2,858033	0	0	False
19,5	33,74163	3,042038	0	0	False
19,5	33,74163	3,264546	0	0	False
19,5	33,74163	3,532414	0	0	False
19,5	33,74163	3,800901	0	0	False
19,5	33,74163	4,068533	0	0	False
19,5	33,74163	4,336606	0	0	False
19,5	33,74163	4,605108	0	0	False
19,5	33,74163	4,872543	0	0	False
19,5	33,74163	5,140902	0	0	False
19,5	33,74163	5,408304	0	0	False
19,5	33,74163	5,676761	0	0	False
19,5	33,74163	5,944905	0	0	False
19,5	33,74163	6,213142	0	0	False
19,5	33,74163	6,481129	0	0	False
19,5	33,79086	6,75002	0	-0,070443	False
19,49998	34,69674	7,018655	0	-0,2641007	False
19,49999	35,79863	7,274906	0	-0,03171146	False
19,5	36,91085	7,53189	0	-0,01234569	False
19,50057	38,03752	7,799897	0,08980878	0	False
19,54303	39,03631	8,067592	0,49649	0	False
19,69283	39,79464	8,305153	0,5933188	0	False
19,92505	40,36794	8,527082	0,661099	0	False
20,20733	40,79423	8,738975	0,661099	-0,03171146	False
20,65378	41,24091	8,962215	0,661099	-0,04139434	False
21,69389	41,88185	9,206911	0,6126846	-0,3512467	False
23,86001	42,70261	9,47645	0,3802953	-0,4480756	False
26,19373	43,20971	9,743631	0,4383927	-0,3802953	False
28,60825	43,35795	10,01219	0,4287098	-0,3899783	False
31,39999	43,0967	10,27992	0,1866376	-0,5352215	False
34,69769	42,55192	10,55404	0	-0,5739531	False
37,87545	42,0161	10,81636	0	-0,5739531	False
40,98188	41,49233	11,0725	0	-0,5836359	False
44,12605	40,97053	11,32941	-0,1285403	-0,03171146	False
47,47704	40,5714	11,5978	-0,3125151	-0,06076011	False
50,38977	40,4862	11,81004	-0,1382232	-0,1866376	False
53,40155	40,51599	12,01141	0	-0,1672719	False
56,40572	40,54981	12,21207	0	-0,235052	False
59,41439	40,58369	12,41265	0	-0,5061729	False
62,44069	40,61776	12,6145	0	-0,4577585	False
65,60294	40,65334	12,82554	0	-0,3609295	False
68,43503	40,68521	13,01535	0	0	False
71,03593	40,71447	13,19429	0	0	False
73,53819	40,74262	13,37285	0	0	False
75,95993	40,76984	13,55142	0	0	False
78,29665	40,79612	13,73011	0	0	False
80,50809	40,82099	13,90567	0	0	False
83,04114	40,84946	14,08787	0	-0,3802953	False
85,72217	40,8796	14,26663	0	-0,3899783	False
88,60088	40,91197	14,45866	0	-0,2931494	False
91,60367	40,94574	14,6603	0	0	False
94,29797	40,97603	14,84735	0	0	False
96,48843	41,00066	15,00453	0	0	False
98,95834	41,02842	15,18807	0	0	False
101,0184	41,05157	15,34709	0	0	False
103,152	41,07556	15,51773	0	0	False
105,0022	41,09634	15,67231	0	0	False
106,6178	41,11451	15,81223	0	0	False
108,2475	41,13282	15,95981	0	0	False
109,7085	41,14924	16,0981	0	0	False
111,1882	41,16587	16,24481	0	0	False
112,5646	41,18135	16,38797	0	0	False
113,8855	41,1962	16,53345	0	0,4771242	False
115,0379	41,20914	16,67811	0	0,3609295	False
116,0863	41,22093	16,82463	0	0	False
117,0573	41,23184	16,96956	0	0,3609295	False
117,8672	41,24095	17,11362	0	1	False
118,3432	41,24493	17,25797	0,1285403	1	False
118,5169	41,24239	17,40472	0,2641007	0,6126846	False
118,5376	41,24124	17,54887	0,4674413	0	False
118,5376	41,24124	17,73391	0,2931494	0	False
118,5376	41,24125	17,92031	0	0	False
118,5376	41,24125	18,09956	0	0	False
118,5376	41,24125	18,28809	0	0,4383927	False
118,5376	41,24125	18,43323	0	0,04139434	False
118,5376	41,24125	18,60266	0	0	False
118,6846	41,20378	18,75681	0	-0,235052	False
119,5943	40,97203	18,91192	0	-0,4480756	False
120,5476	40,72915	19,05815	0	-0,3802953	False
121,4846	40,49044	19,20265	0	-0,235052	False
122,4156	40,25168	19,34846	0,1382232	0	False
123,2671	40,00459	19,49222	0,322198	0	False
124,0454	39,72303	19,63773	0,4190269	0	False
124,7366	39,40656	19,78424	0,4480756	0	False
125,3311	39,0647	19,92968	0,5255386	0	False
126,0821	38,50117	20,08684	0,6320504	-0,2253692	False
127,1171	37,47587	20,26429	0,6417332	-0,2641007	False
127,9999	36,27005	20,44362	0,6417332	-0,2641007	False
128,7493	34,76588	20,64531	0,6417332	-0,2641007	False
129,2168	33,15051	20,84717	0,6126846	-0,2641007	False
129,4371	30,93586	21,11437	0,1769547	-0,2641007	False
129,4745	28,6727	21,38234	0	-0,3512467	False
129,5127	26,04697	21,61753	0	-0,4771242	False
129,5483	23,60827	21,82888	0	-0,4771242	False
129,5838	21,13688	22,04318	0,02202857	-0,4771242	False
129,597	18,7052	22,25397	0,09949167	-0,4771242	False
129,5332	16,39265	22,45462	0,1963205	-0,4190269	False
129,3483	14,07641	22,65598	0,1866376	-0,4190269	False
129,0243	11,6599	22,86775	0,1188574	-0,4190269	False
128,6151	9,166389	23,07635	0	-0,4868071	False
128,2193	6,770728	23,26987	0	-0,4868071	False
127,8288	4,406395	23,46059	0	-0,4868071	False
127,4444	2,060655	23,6504	-0,070443	-0,4771242	False
127,0996	-0,2851824	23,83977	-0,1769547	-0,4480756	False
126,8639	-2,603304	24,02584	-0,2544178	0	False
126,7735	-4,693096	24,19755	-0,09949167	0	False
126,7393	-6,767238	24,37529	0	0	False
126,7107	-8,656779	24,54381	0	0	False
126,6816	-10,57909	24,72291	0	0	False
126,6542	-12,39466	24,9001	0	0	False
126,624	-14,38925	25,08038	0	-0,1382232	False
126,5909	-16,57808	25,25833	0	-0,157589	False
126,5569	-18,82461	25,44069	0	-0,157589	False
126,5246	-20,96161	25,61423	0	-0,157589	False
126,494	-22,9828	25,77803	0	-0,157589	False
126,4625	-25,06673	25,94518	0	-0,1866376	False
126,432	-27,08239	26,10328	0	-0,1866376	False
126,4039	-28,94416	26,24926	0	-0,1866376	False
126,3755	-30,81703	26,39613	0	-0,1866376	False
126,3449	-32,84568	26,55493	0	-0,1866376	False
126,3117	-35,0373	26,72716	0	-0,1866376	False
126,2816	-37,03188	26,8835	0	-0,1866376	False
126,2512	-39,04176	27,0409	0	-0,1866376	False
126,2213	-41,02048	27,19628	0	-0,1866376	False
126,1911	-43,01338	27,35264	0	-0,04139434	False
126,1648	-44,75638	27,49199	0	0	False
126,1364	-46,63025	27,64768	0	0	False
126,1112	-48,29757	27,79183	0	0	False
126,0867	-49,91933	27,93791	0	0	False
126,0633	-51,46303	28,08386	0	0	False
126,0415	-52,91917	28,22789	-0,02202857	0	False
126,0308	-54,3201	28,37298	-0,09949167	0	False
126,0472	-55,65025	28,51834	-0,1091745	0	False
126,0893	-56,90536	28,66353	-0,04139434	0	False
126,1394	-58,09055	28,80852	0	0	False
126,1867	-59,20909	28,95361	0	0	False
126,2311	-60,2595	29,0993	0	0	False
126,2725	-61,23755	29,23897	0	-0,04139434	False
126,3197	-62,35325	29,38561	0	-0,070443	False
126,3659	-63,44407	29,52318	0	-0,09949167	False
126,4222	-64,77515	29,66978	0	-0,1866376	False
126,4718	-66,14956	29,81323	0,235052	-0,1866376	False
126,4573	-67,54345	29,95907	0,5255386	-0,09949167	False
126,2933	-68,92336	30,10696	0,6804648	0	False
125,9172	-70,14993	30,25029	1	0	False
125,2808	-71,33009	30,40872	0,6514161	0	False
124,2447	-72,65579	30,6193	0,5836359	0	False
122,9954	-73,77505	30,84292	0,6030017	0	False
121,3047	-74,75269	31,12086	0,6030017	0	False
119,6629	-75,25378	31,3809	0,5642702	-0,04139434	False
117,3198	-75,49783	31,64904	0,1285403	-0,1963205	False
114,7861	-75,61444	31,91883	0	-0,2156863	False
111,986	-75,74169	32,18561	0	-0,3512467	False
108,8699	-75,88332	32,45332	0	-0,3318809	False
105,7562	-76,02486	32,72085	0	-0,3318809	False
102,5566	-76,17032	32,99598	0	-0,3318809	False
99,52105	-76,30833	33,25671	0	-0,3318809	False
96,40005	-76,44746	33,52489	0,01234569	-0,3318809	False
93,27633	-76,56469	33,79321	0,06076011	-0,3318809	False
90,07793	-76,6191	34,06069	0,02202857	-0,3609295	False
86,83151	-76,64028	34,32928	0	-0,3609295	False
83,57785	-76,66096	34,59863	0	-0,3609295	False
80,2851	-76,68198	34,87115	0	-0,3318809	False
77,11369	-76,70221	35,13369	0	-0,3125151	False
73,79951	-76,72163	35,40191	0,02202857	-0,3512467	False
70,05135	-76,72024	35,6702	0,02202857	-0,3802953	False
66,28671	-76,69124	35,93742	0	0	False
62,63953	-76,65849	36,20517	0	0	False
58,74539	-76,62357	36,47298	0	-0,2156863	False
54,63239	-76,58672	36,74762	0	-0,08980878	False
50,75217	-76,55198	37,00922	0	0	False
46,90682	-76,51415	37,27707	0,01234569	0	False
43,21589	-76,45782	37,5431	0,0801259	0	False
39,7519	-76,32241	37,80222	0,05107722	0	False
36,58106	-76,14045	38,0479	0	0	False
33,17897	-75,94408	38,3223	0	0	False
30,57679	-75,79389	38,54023	0	0	False
28,00938	-75,64573	38,76439	0	0	False
25,68969	-75,51288	38,97565	-0,03171146	0	False
23,46911	-75,40874	39,18739	-0,1285403	0	False
21,44247	-75,37926	39,38942	-0,05107722	0	False
19,00254	-75,38017	39,6453	0	0	False
16,57542	-75,38123	39,91282	0	0	False
14,2654	-75,38224	40,18192	0	0	False
12,06922	-75,38319	40,45071	0	-0,002662801	False
10,3348	-75,38395	40,66276	0	-0,01234569	False
8,445494	-75,38475	40,89219	0	-0,01234569	False
6,292249	-75,38576	41,1534	0	-0,01234569	False
4,115239	-75,3867	41,41003	0	-0,06076011	False
2,357583	-75,38754	41,60061	0	-0,08980878	False
0,3786984	-75,38839	41,81129	0	-0,08980878	False
-2,265573	-75,38953	42,07918	0	-0,1963205	False
-5,196163	-75,3908	42,33898	0	-0,08980878	False
-7,280131	-75,39178	42,52725	0	0	False
-9,406429	-75,3927	42,72803	0	0	False
-11,20817	-75,39346	42,9063	0	0	False
-12,84308	-75,39417	43,0755	0	0	False
-14,56816	-75,3949	43,26406	0	0	False
-16,10125	-75,39531	43,4406	0,02202857	0	False
-17,64719	-75,3675	43,62989	0,2737836	0	False
-19,04641	-75,23714	43,81199	0,5158557	0	False
-20,69619	-74,82829	44,04797	1	0	False
-22,2357	-73,8875	44,31643	1	0	False
-23,25136	-72,54308	44,58634	0,6804648	0	False
-23,7783	-71,08327	44,85475	0,6514161	0	False
-23,92907	-69,66556	45,12364	0,4868071	0	False
-23,83643	-68,37859	45,3902	0	0	False
-23,70597	-67,18494	45,6664	0	0	False
-23,56667	-65,9105	45,92652	0	-0,1672719	False
-23,33394	-63,78125	46,19464	0	-0,3512467	False
-23,06363	-61,29703	46,46382	-0,0801259	-0,322198	False
-22,87605	-58,8277	46,73094	-0,1866376	-0,1672719	False
-22,8367	-56,33065	46,99873	0	-0,157589	False
-22,8263	-53,77577	47,26642	0	-0,157589	False
-22,81566	-51,15925	47,5406	0	-0,1091745	False
-22,80557	-48,67683	47,80281	0	0	False
-22,79571	-46,25431	48,06983	0	0	False
-22,78631	-43,94382	48,33867	0	0	False
-22,77743	-41,76025	48,60864	0	0	False
-22,7685	-39,56046	48,89673	0	0	False
-22,76075	-37,65051	49,16525	0	0,4383927	False
-22,75425	-36,05283	49,43329	0	1	False
-22,75016	-35,04194	49,70098	0	1	False
-22,74842	-34,60874	49,9688	0	0	False
-22,74749	-34,37782	50,23713	0	0	False
-22,74425	-33,57652	50,51094	0	-0,2931494	False
-22,73895	-32,26515	50,77359	0	-0,2931494	False
-22,73356	-30,93127	51,04058	0	-0,2931494	False
-22,72813	-29,58554	51,31034	0	-0,2156863	False
-22,72281	-28,26367	51,57649	0	-0,03171146	False
-22,71555	-26,46533	51,84468	0	-0,2253692	False
-22,70675	-24,28761	52,11198	0	-0,2253692	False
-22,69767	-22,03986	52,38801	0	-0,2253692	False
-22,68908	-19,91046	52,64917	0	-0,2253692	False
-22,68027	-17,72657	52,91726	0	-0,2156863	False
-22,67143	-15,53619	53,18612	0	-0,2156863	False
-22,66278	-13,39236	53,45316	0	0	False
-22,65458	-11,35754	53,72189	0	0	False
-22,64694	-9,463673	53,9885	0	0	False
-22,63961	-7,644352	54,26384	0	0	False
-22,63317	-6,044596	54,52447	0	0	False
-22,62705	-4,525717	54,79282	0	0	False
-22,62143	-3,13137	55,06213	0	0	False
-22,61635	-1,871983	55,33033	0	0	False
-22,6115	-0,7463093	55,59726	0,06076011	0	False
-22,58032	0,2545592	55,86511	0,2544178	0	False
-22,46474	1,135662	56,13856	0,409344	0	False
-22,26401	1,835767	56,40149	0,2447349	0	False
-21,94933	2,657342	56,6697	0	-0,2834665	False
-21,23467	4,497663	56,93718	0,08980878	-0,3512467	False
-20,4218	6,35665	57,20585	0,4287098	0	False
-19,31532	8,067821	57,48831	0,5739531	0	False
-17,95878	9,397823	57,7532	0,5739531	-0,04139434	False
-16,22581	10,48781	58,02793	0,5739531	-0,04139434	False
-14,38811	11,15057	58,28946	0,5739531	-0,04139434	False
-12,41033	11,4291	58,55712	0,3512467	-0,04139434	False
-10,39657	11,46771	58,82656	0	-0,002662801	False
-8,470073	11,48295	59,09387	0	0	False
-6,666785	11,49722	59,36199	0	0	False
-4,98551	11,51053	59,63044	0	-0,002662801	False
-2,886743	11,52049	59,90503	0,1188574	-0,157589	False
-0,6834145	11,44016	60,16634	0,1866376	-0,157589	False
1,563868	11,20447	60,43437	0,157589	-0,157589	False
3,810542	10,84362	60,70431	0	-0,1091745	False
6,015302	10,46727	60,96972	0	-0,09949167	False
8,239613	10,08759	61,23765	0	-0,09949167	False
10,47216	9,706499	61,50647	0	-0,09949167	False
12,74263	9,318935	61,77998	-0,002662801	-0,03171146	False
14,86681	8,978459	62,04155	-0,1285403	0	False
16,9511	8,73718	62,31218	-0,1285403	0	False
18,88992	8,593084	62,57929	0	0	False
20,70385	8,470769	62,84735	0	0	False
22,3867	8,35729	63,1145	0	0	False
23,94617	8,252135	63,38248	0	0	False
25,40778	8,153579	63,65648	0	0	False
26,68153	8,06769	63,91868	0	0	False
27,85591	7,992409	64,18652	-0,06076011	0	False
29,20418	7,934162	64,45531	-0,05107722	-0,08980878	False
30,6331	7,895589	64,72342	0	0	False
31,93732	7,862707	64,99006	0	0	False
33,12348	7,832788	65,25929	0	0	False
34,1989	7,80566	65,53367	0	0	False
35,15686	7,781493	65,79486	0	-0,1091745	False
36,88115	7,737998	66,06301	0	-0,2253692	False
38,67906	7,692651	66,33176	0	-0,2156863	False
40,45472	7,647864	66,60127	0	0	False
42,09079	7,606595	66,86703	0	0	False
43,61209	7,568223	67,135	-0,002662801	0	False
45,03723	7,533758	67,40981	-0,01234569	0	False
46,26941	7,510361	67,67102	-0,04139434	0	False
47,40557	7,503764	67,93916	-0,04139434	0	False
48,41471	7,511634	68,20773	-0,002662801	0	False
49,44531	7,52256	68,4748	0	-0,01234569	False
51,02305	7,539361	68,7449	0	-0,1866376	False
52,6188	7,556366	68,98863	0	-0,1866376	False
54,05718	7,5717	69,20183	0	-0,2156863	False
55,46535	7,586723	69,40333	0	-0,1963205	False
56,98194	7,602918	69,62452	0	0	False
58,28134	7,616665	69,82711	0,070443	0	False
59,5995	7,598736	70,04925	0,2641007	0	False
60,75581	7,486711	70,26215	0,4674413	0	False
61,83627	7,230042	70,4858	0,5545873	0	False
62,67008	6,880515	70,68712	0,5642702	0	False
63,39103	6,427303	70,89903	0,6030017	0	False
63,99517	5,867684	71,13297	0,6126846	0	False
64,63407	4,965769	71,34612	0,6126846	-0,235052	False
65,25089	3,686175	71,55795	0,5836359	-0,235052	False
65,62271	2,38287	71,75957	0,5836359	-0,235052	False
65,77599	0,9697619	71,97169	0,5836359	-0,235052	False
65,68867	-0,5221318	72,19445	0,409344	-0,235052	False
65,43246	-1,904594	72,40849	0,1769547	0	False
65,13717	-3,156949	72,61912	0	0	False
64,87379	-4,263309	72,82124	0	0	False
64,63474	-5,267444	73,02238	0	0	False
64,44076	-6,082282	73,20177	0	0	False
64,24682	-6,896938	73,40159	0	0	False
64,02125	-7,844496	73,60258	0	-0,1091745	False
63,77723	-8,869513	73,79182	0	-0,1091745	False
63,5472	-9,835787	73,9704	0	-0,1091745	False
63,30217	-10,86503	74,16058	0	-0,1091745	False
63,06963	-11,84183	74,3409	0	-0,1091745	False
62,81962	-12,89202	74,53071	0	-0,1382232	False
62,56023	-13,98164	74,71754	0	-0,08980878	False
62,27493	-15,18037	74,93259	-0,01234569	0	False
62,05642	-16,15569	75,12267	-0,1866376	0	False
61,90139	-17,04247	75,31123	-0,235052	0	False
61,81746	-17,76324	75,47988	-0,1672719	0	False
61,76445	-18,46193	75,66398	-0,01234569	0	False
61,72614	-19,05584	75,84119	0	-0,002662801	False
61,68724	-19,65933	76,01363	0	-0,070443	False
61,63189	-20,51829	76,1706	0	-0,2156863	False
61,55432	-21,72191	76,33768	0	-0,2931494	False
61,47135	-23,00916	76,50678	0	-0,2931494	False
61,38931	-24,28209	76,67382	0	-0,2931494	False
61,3122	-25,47868	76,83117	0	-0,2931494	False
61,23573	-26,66518	76,98709	0	-0,2834665	False
61,15446	-27,92629	77,15292	0	-0,2641007	False
61,07621	-29,14036	77,31258	-0,002662801	-0,2156863	False
61,00154	-30,39874	77,47791	-0,08980878	-0,1866376	False
60,95221	-31,59671	77,63551	-0,09949167	-0,1866376	False
60,93005	-32,79052	77,79266	-0,1285403	-0,1285403	False
60,93923	-33,97303	77,94878	-0,06076011	0	False
60,96608	-35,18156	78,11608	0	0	False
60,99193	-36,3015	78,28278	0	0	False
61,0159	-37,34045	78,44927	0	0	False
61,03695	-38,25215	78,6076	0	0	False
61,05616	-39,08463	78,76469	0	0	False
61,07324	-39,82455	78,91789	0	0	False
61,08785	-40,45753	79,06436	0	0	False
61,10131	-41,04136	79,20786	0	-0,03171146	False
61,11627	-41,68931	79,35413	0	-0,03171146	False
61,13106	-42,33045	79,49918	0	-0,03171146	False
61,14591	-42,97433	79,64517	0	-0,03171146	False
61,16066	-43,61309	79,78851	0	-0,04139434	False
61,18054	-44,47386	79,9458	0	-0,1091745	False
61,19917	-45,28017	80,09033	0	-0,1091745	False
61,22119	-46,23406	80,24767	0	-0,1672719	False
61,2453	-47,27817	80,40346	0	-0,1866376	False
61,26965	-48,33211	80,55945	0	-0,1866376	False
61,29412	-49,39146	80,71677	0	-0,1866376	False
61,3183	-50,43756	80,87199	0	-0,1285403	False
61,34151	-51,44285	81,02455	0	0	False
61,36227	-52,34149	81,17095	0	0	False
61,38047	-53,13035	81,31023	0,01234569	0	False
61,39552	-53,8854	81,45553	0,070443	0	False
61,39967	-54,56552	81,59971	0,1188574	0	False
61,38962	-55,17638	81,74435	0,1285403	0	False
61,36744	-55,72052	81,88979	0,05107722	0	False
61,34351	-56,19172	82,03396	0	0	False
61,31527	-56,74571	82,17941	0	-0,1672719	False
61,27023	-57,6288	82,32521	0	-0,235052	False
61,22308	-58,5535	82,46957	0	-0,235052	False
61,17537	-59,48935	82,61559	0	-0,235052	False
61,1282	-60,41442	82,76005	0	-0,235052	False
61,08208	-61,3191	82,90213	0	0	False
61,03785	-62,18636	83,04596	0	0	False
60,99817	-62,96449	83,18571	0	0	False
60,96062	-63,70032	83,33005	0	0	False
60,9264	-64,37126	83,47511	0	0	False
60,89563	-64,97459	83,62122	0	0	False
60,86879	-65,50089	83,76576	0	0	False
60,84543	-65,96093	83,91094	-0,06076011	0	False
60,82973	-66,34869	84,05502	-0,1285403	0	False
60,82471	-66,67019	84,2008	-0,08980878	0	False
60,82526	-66,92103	84,34656	-0,002662801	0	False
60,82629	-67,15324	84,49139	0	0	False
60,82707	-67,33022	84,63602	0	0	False
60,82751	-67,43562	84,77644	0	0	False
60,82767	-67,47528	84,92205	-0,02202857	0	False
60,83044	-67,86134	85,06191	-0,002662801	-0,2931494	False
60,83621	-68,61619	85,20619	0	-0,3609295	False
60,84245	-69,41606	85,35228	-0,05107722	-0,3125151	False
60,85837	-70,20104	85,49635	-0,2737836	-0,235052	False
60,92504	-71,00388	85,64454	-0,5836359	-0,2253692	False
61,0845	-71,79039	85,78661	-0,6707819	-0,2834665	False
61,4627	-72,87671	85,93306	-0,6030017	-0,4577585	False
62,06505	-74,11387	86,07806	-0,5255386	-0,5158557	False
62,84831	-75,35551	86,22416	-0,6030017	-0,5449044	False
63,79531	-76,50599	86,3698	-1	-0,5449044	False
65,11476	-77,58754	86,53648	-1	-0,5352215	False
66,66562	-78,35738	86,70623	-0,6223675	-0,5061729	False
68,49957	-78,91992	86,8942	-0,4383927	-0,1382232	False
70,30797	-79,25265	87,0751	-0,3706124	-0,070443	False
72,20982	-79,41655	87,26306	-0,3512467	0	False
74,14484	-79,41695	87,45956	-0,1382232	0	False
75,96754	-79,35552	87,65391	0	0	False
77,75106	-79,29405	87,85464	0	0	False
79,17984	-79,24477	88,02419	0	0	False
80,58875	-79,1962	88,20168	0	0	False
81,91372	-79,15051	88,37959	0	0	False
83,08636	-79,11005	88,54774	0	0	False
84,22549	-79,07076	88,72335	0	0	False
85,22369	-79,03631	88,88978	0	0	False
86,24242	-79,00117	89,07471	0	0	False
87,8258	-78,94656	89,3521	0	-0,070443	False
89,50452	-78,88866	89,62062	0	-0,070443	False
91,18745	-78,83076	89,88994	0,002662801	-0,070443	False
92,37887	-78,79055	90,08009	0,002662801	-0,070443	False
93,63082	-78,74918	90,26669	0,002662801	-0,1091745	False
95,4587	-78,69484	90,53416	0,06076011	-0,1091745	False
97,54768	-78,67982	90,80253	0,08980878	-0,2156863	False
99,06245	-78,70499	90,98228	0,002662801	-0,2156863	False
100,5825	-78,73512	91,16248	0	-0,2156863	False
101,9916	-78,76305	91,32969	0	-0,2156863	False
103,3258	-78,7895	91,48775	0	-0,2156863	False
104,7307	-78,81734	91,6541	0	-0,2156863	False
106,1271	-78,84502	91,81991	0	-0,2156863	False
107,4662	-78,87156	91,97857	0	-0,1285403	False
108,7523	-78,89704	92,13164	0	-0,09949167	False
109,9836	-78,92146	92,27777	0	-0,03171146	False
111,1563	-78,94471	92,4221	0	0	False
112,2705	-78,96679	92,56763	0	0	False
113,3142	-78,98746	92,71306	-0,04139434	0	False
114,2496	-78,99961	92,85234	-0,1382232	0	False
115,1607	-78,98784	92,999	-0,1866376	0	False
116,0585	-78,94236	93,15539	-0,1769547	0	False
116,8114	-78,87662	93,29453	-0,1285403	-0,03171146	False
117,6682	-78,78109	93,43832	-0,0801259	-0,06076011	False
118,5742	-78,66461	93,58431	-0,08980878	-0,070443	False
119,5453	-78,51862	93,73038	-0,1769547	-0,1382232	False
120,6401	-78,312	93,87511	-0,3125151	-0,1866376	False
121,8084	-78,01881	94,02021	-0,3706124	-0,2253692	False
123,1103	-77,58585	94,16575	-0,4480756	-0,3125151	False
124,8763	-76,78446	94,35618	-0,5836359	-0,3318809	False
127,0424	-75,29248	94,61382	-0,6030017	-0,3318809	False
128,6891	-73,55975	94,84797	-0,6030017	-0,322198	False
130,1279	-71,2057	95,11852	-0,5739531	-0,2544178	False
130,9312	-68,5698	95,39155	-0,5255386	-0,2156863	False
131,2518	-65,90443	95,65536	-0,3802953	-0,03171146	False
131,243	-63,01114	95,94637	-0,2156863	0	False
131,0102	-60,26256	96,237	-0,01234569	0	False
130,7637	-57,66831	96,52654	0	0	False
130,5392	-55,35791	96,7992	0	0	False
130,3253	-53,24202	97,06419	0	0	False
130,1189	-51,22949	97,33152	0	0	False
129,925	-49,33878	97,59927	0	-0,002662801	False
129,7293	-47,43044	97,87412	0	-0,002662801	False
129,5434	-45,61848	98,13514	0,002662801	-0,002662801	False
129,3634	-43,75179	98,40279	0,06076011	-0,01234569	False
129,2109	-41,71251	98,67194	0,070443	-0,06076011	False
129,1015	-39,58457	98,93925	0,06076011	-0,070443	False
129,0274	-37,45457	99,20702	0	0	False
128,9586	-35,4253	99,47514	0	0	False
128,8927	-33,48325	99,74969	0	0	False
128,8304	-31,64702	100,0111	0	-0,1091745	False
128,7424	-29,05283	100,2795	0	-0,2156863	False
128,6533	-26,42428	100,5483	0	-0,2156863	False
128,5648	-23,817	100,8149	0	-0,2156863	False
128,4771	-21,19345	101,0835	0,002662801	-0,2156863	False
128,3922	-18,57832	101,3508	0,002662801	-0,1672719	False
128,3095	-15,90338	101,6251	0,02202857	0	False
128,253	-13,4299	101,8869	0,03171146	0	False
128,2251	-11,02415	102,1549	0,03171146	0	False
128,219	-8,736613	102,4242	0	0	False
128,2163	-6,595716	102,6913	0	0	False
128,2138	-4,574932	102,9595	0	0	False
128,2114	-2,682201	103,2278	0	0	False
128,2091	-0,8775543	103,5027	0	0	False
128,2071	0,7134484	103,764	0	0	False
128,2049	2,44415	104,0314	0	-0,08980878	False
128,2022	4,544181	104,3004	0	-0,08980878	False
128,1996	6,595519	104,5679	0	0	False
128,1972	8,528782	104,8363	0	0	False
128,1949	10,33316	105,1048	0	0	False
128,1928	12,02788	105,3765	0	0	False
128,1909	13,53968	105,6393	0	0	False
128,189	14,98812	105,9067	0	-0,070443	False
128,1863	17,11236	106,1868	0	-0,1963205	False
128,1836	19,29041	106,4546	0	-0,1963205	False
128,1808	21,46536	106,7226	0	-0,1866376	False
128,1781	23,60333	106,99	0	0	False
128,1755	25,6662	107,2644	0	0	False
128,173	27,59684	107,5384	0	0	False
128,1708	29,35194	107,8057	0	0	False
128,1686	30,98981	108,0749	-0,02202857	0	False
128,113	32,49054	108,343	-0,4287098	0	False
127,8315	33,90539	108,6248	-0,4674413	0	False
127,3063	35,22472	108,8909	-0,2834665	-0,1091745	False
126,435	36,87643	109,1667	-0,235052	-0,1382232	False
125,4564	38,35388	109,4282	-0,4287098	-0,1285403	False
124,2347	39,6947	109,6962	-0,4771242	-0,1285403	False
122,7892	40,80133	109,9651	-0,4771242	-0,1091745	False
121,1863	41,62812	110,2318	-0,4674413	-0,1091745	False
119,4548	42,17188	110,5	-0,322198	-0,070443	False
117,7138	42,50633	110,768	0	0	False
116,0568	42,80036	111,0423	0	0	False
114,598	43,0592	111,3042	0	0	False
113,228	43,30169	111,5724	-0,03171146	0	False
111,9795	43,50436	111,841	-0,1672719	0	False
110,8589	43,62195	112,1081	-0,1672719	0	False
109,8549	43,67569	112,3767	0	0	False
108,9789	43,71993	112,6453	0	0	False
108,2199	43,75826	112,9188	0	0	False
107,6181	43,78866	113,1811	0	0	False
106,313	43,85462	113,4494	0	-0,2834665	False
104,6263	43,93921	113,7175	-0,002662801	-0,2834665	False
102,9457	44,00835	113,985	-0,08980878	-0,2834665	False
101,2617	44,02682	114,2526	-0,08980878	-0,2834665	False
99,43559	43,98868	114,5432	0	-0,1866376	False
97,77905	43,94122	114,8116	0	0	False
96,24592	43,89729	115,0798	0	0	False
94,84547	43,85715	115,3472	0	0	False
93,56608	43,82047	115,6152	0	-0,002662801	False
91,58762	43,76373	115,8893	0	-0,2253692	False
89,49499	43,70372	116,1507	0	-0,2253692	False
87,35997	43,64249	116,4184	0	0	False
85,30901	43,58369	116,687	0	0	False
83,39976	43,52894	116,9538	0	0	False
81,61234	43,47769	117,2214	0	0	False
79,94382	43,43026	117,4906	0,01234569	0	False
78,30193	43,39126	117,7784	0,02202857	0	False
76,80125	43,36863	118,0643	0,02202857	0	False
75,52004	43,36028	118,3337	0,02202857	0	False
74,3875	43,36222	118,5985	0,02202857	0	False
73,33099	43,37281	118,8775	0,01234569	0	False
72,48705	43,38652	119,1324	0,002662801	0	False
71,72498	43,4006	119,4008	0	0	False
69,98578	43,43275	119,6692	0	-0,3318809	False
67,87299	43,47181	119,9488	0	-0,3318809	False
65,85367	43,50915	120,2162	0	-0,3318809	False
63,82883	43,54659	120,4841	0	-0,3318809	False
61,75034	43,58504	120,7593	0	-0,3318809	False
59,78127	43,62145	121,0199	0	-0,3318809	False
57,75842	43,65886	121,2877	0	-0,3318809	False
55,72527	43,69645	121,5567	0	-0,3318809	False
53,70885	43,73372	121,8237	0	-0,3318809	False
51,68404	43,77115	122,0916	0	-0,3318809	False
49,64917	43,80878	122,3609	0	-0,3318809	False
47,58389	43,84642	122,6344	-0,02202857	-0,3318809	False
45,60128	43,87681	122,8967	-0,002662801	-0,3318809	False
43,57679	43,90574	123,1647	-0,002662801	-0,3318809	False
41,54735	43,93272	123,4332	-0,002662801	-0,3318809	False
39,52539	43,95758	123,7009	-0,002662801	-0,322198	False
37,50278	43,97255	123,9687	-0,05107722	-0,322198	False
35,20063	43,95131	124,2366	-0,002662801	-0,4577585	False
32,28425	43,90793	124,5118	0	-0,5545873	False
29,40436	43,86507	124,7726	0	-0,5449044	False
26,44484	43,82104	125,0407	0	-0,5449044	False
23,47351	43,77679	125,3101	0	-0,3512467	False
20,56591	43,73345	125,5774	0	0	False
17,77695	43,69185	125,8449	0	0	False
15,11296	43,6521	126,1128	0	0	False
12,51128	43,61327	126,388	0	0	False
10,16642	43,57823	126,649	0	0,1672719	False
8,060213	43,54673	126,9171	0	0,8838054	False
6,532447	43,52386	127,1858	0	1	False
5,653362	43,51069	127,4532	0	1	False
5,180155	43,5036	127,7209	0	0	False
4,834113	43,49843	127,9899	0	0	False
4,61495	43,49515	128,2637	0	0	False
4,530746	43,4939	128,5263	0	0	False
4,52864	43,49386	128,7936	0	0	False
4,52864	43,49386	129,0631	0	0	False
4,52864	43,49386	129,3297	0	0	False
4,52864	43,49386	129,6009	0	0	False
4,52864	43,49386	129,8664	0	0	False
4,52864	43,49386	130,134	0	0	False
4,52864	43,49386	130,4019	0	0	False
4,52864	43,49386	130,6736	0	0	False
4,52864	43,49386	130,9302	0	0	False
19,5	33,74163	2,956329	0	0	False
19,5	33,74163	3,223784	0	0	False
19,5	33,74163	3,491662	0	0	False
19,5	33,74163	3,759286	0	0	False
19,5	33,74163	4,026928	0	0	False
19,5	33,74163	4,295804	0	0	False
19,5	33,74163	4,56329	0	0	False
19,5	33,74163	4,831139	0	0	False
19,5	33,74163	5,098802	0	0	False
19,5	33,74163	5,367224	0	0	False
19,5	33,74163	5,635755	0	0	False
19,5	33,74163	5,903699	0	0	False
19,5	34,10489	6,178906	0	-0,1963205	False
19,49997	34,97377	6,439724	0	-0,2253692	False
19,5	35,87177	6,707676	0	-0,2253692	False
19,49519	36,77666	6,977055	-0,1963205	-0,2253692	False
19,41385	37,7598	7,244607	-0,5255386	-0,2544178	False
19,13171	38,77705	7,512487	-0,6126846	-0,2834665	False
18,58965	39,78465	7,782072	-0,6030017	-0,2834665	False
17,82325	40,65273	8,055386	-0,5933188	-0,2834665	False
16,96318	41,28422	8,30641	-0,5255386	-0,2834665	False
16,06279	41,72659	8,540364	-0,3512467	-0,2931494	False
15,13178	42,05812	8,765112	-0,1188574	-0,2641007	False
14,17029	42,35648	8,986897	-0,070443	-0,2931494	False
13,15915	42,64529	9,198391	-0,1382232	-0,2931494	False
12,07534	42,90503	9,422515	-0,1963205	-0,2931494	False
10,89405	43,11427	9,664119	-0,1285403	-0,2931494	False
9,702237	43,27187	9,903575	-0,070443	-0,2931494	False
7,810504	43,47081	10,16538	-0,0801259	-0,5739531	False
5,370402	43,66405	10,42783	-0,06076011	-0,5061729	False
2,90397	43,80271	10,69585	-0,070443	0	False
0,5470092	43,87572	10,9637	-0,06076011	0	False
-1,327782	43,8968	11,1887	0	0	False
-2,983913	43,90965	11,40008	0	0	False
-4,63622	43,92246	11,62457	0	0	False
-6,081635	43,93367	11,83496	-0,002662801	0	False
-7,487185	43,94395	12,05422	-0,002662801	0	False
-8,701756	43,95187	12,25989	-0,002662801	0	False
-9,793699	43,95817	12,46114	-0,002662801	0	False
-10,78639	43,96315	12,66169	-0,002662801	0	False
-11,71768	43,96531	12,86958	-0,06076011	0,4190269	False
-12,48387	43,95448	13,07577	-0,09949167	0	False
-13,132	43,92809	13,27732	-0,03171146	0	False
-14,14375	43,87603	13,48852	0	-0,2641007	False
-15,68648	43,79385	13,70078	-0,1866376	-0,2544178	False
-17,14986	43,64219	13,90217	-0,6126846	-0,235052	False
-18,60465	43,26257	14,10467	-0,6417332	-0,2641007	False
-20,40824	42,30384	14,35997	-0,6707819	-0,2834665	False
-21,98768	40,77893	14,63393	-0,6223675	-0,2641007	False
-23,08913	39,0722	14,8873	-0,5642702	-0,2641007	False
-23,87145	37,07539	15,14279	-0,4480756	-0,2931494	False
-24,33895	34,88118	15,40985	-0,2060034	0	False
-24,6148	32,74883	15,67842	-0,04139434	0	False
-24,83234	30,74299	15,94641	0	0	False
-25,04606	28,76735	16,22125	-0,002662801	-0,06076011	False
-25,27728	26,54243	16,4819	-0,06076011	-0,2156863	False
-25,49994	23,75436	16,75037	-0,1091745	-0,235052	False
-25,61123	21,01446	17,01263	-0,0801259	-0,002662801	False
-25,64964	18,33721	17,27486	-0,02202857	0	False
-25,66588	15,66278	17,54275	0	-0,03171146	False
-25,68056	13,1323	17,78974	0	0	False
-25,6952	10,60394	18,04558	0	0	False
-25,7093	8,170639	18,30404	0	0	False
-25,72047	6,182456	18,52705	-0,002662801	0	False
-25,72967	4,280623	18,752	-0,002662801	0	False
-25,73705	2,435307	18,98373	-0,002662801	0	False
-25,74187	0,9278738	19,18526	-0,002662801	0	False
-25,74561	-0,6188446	19,40606	-0,002662801	0	False
-25,74779	-1,956597	19,61077	-0,002662801	0	False
-25,74862	-3,251974	19,82536	-0,02202857	0	False
-25,74074	-4,456585	20,04139	-0,0801259	0	False
-25,71241	-5,501238	20,24673	-0,070443	0	False
-25,66897	-6,425454	20,44702	-0,04139434	0	False
-25,62113	-7,256959	20,64837	-0,002662801	0	False
-25,56724	-8,154799	20,85739	0	-0,08980878	False
-25,50718	-9,155145	21,05035	0	-0,08980878	False
-25,45088	-10,09272	21,22947	0	-0,04139434	False
-25,38694	-11,15785	21,42003	0	-0,070443	False
-25,32274	-12,22713	21,6088	0	-0,070443	False
-25,24823	-13,47069	21,82894	0,08980878	-0,070443	False
-25,20928	-14,47443	22,00621	0,3125151	-0,01234569	False
-25,25046	-15,50812	22,18934	0,5352215	-0,01234569	False
-25,41962	-16,50071	22,36751	0,6223675	-0,01234569	False
-25,76423	-17,52859	22,5474	0,6320504	-0,06076011	False
-26,28958	-18,53489	22,72566	0,6417332	-0,06076011	False
-27,04956	-19,53811	22,92311	0,6417332	-0,06076011	False
-27,88459	-20,32032	23,1026	0,6417332	-0,06076011	False
-28,80685	-20,94351	23,27703	0,6417332	-0,06076011	False
-29,85553	-21,43098	23,45841	0,6417332	-0,06076011	False
-30,84693	-21,7167	23,62017	0,6417332	-0,06076011	False
-31,90687	-21,85995	23,78757	0,5158557	-0,06076011	False
-32,98985	-21,87467	23,95509	0,1382232	-0,08980878	False
-34,29204	-21,8369	24,11103	0	-0,2253692	False
-35,78394	-21,79296	24,27983	0	-0,2253692	False
-37,16432	-21,75229	24,43597	0	-0,2253692	False
-38,63803	-21,70886	24,60265	0	-0,2156863	False
-40,03337	-21,66775	24,76012	0	-0,1963205	False
-41,58805	-21,62193	24,93603	0	-0,1866376	False
-43,07113	-21,57844	25,10371	-0,002662801	-0,1866376	False
-44,65217	-21,53376	25,27192	-0,04139434	-0,2834665	False
-46,32763	-21,49743	25,42943	-0,05107722	-0,322198	False
-48,15536	-21,47808	25,5977	-0,04139434	-0,3125151	False
-49,95514	-21,47371	25,7632	-0,01234569	-0,2641007	False
-51,77673	-21,47485	25,93096	-0,01234569	-0,1963205	False
-53,59804	-21,48088	26,09872	-0,002662801	-0,070443	False
-55,38949	-21,48808	26,26584	0	0	False
-57,01065	-21,4946	26,42408	0	0	False
-58,63731	-21,50115	26,59011	0	0	False
-60,20742	-21,50747	26,75934	0	0	False
-61,6758	-21,51338	26,92586	0	0	False
-62,98544	-21,51865	27,08291	0	0	False
-64,35468	-21,52416	27,25691	0	0	False
-65,51431	-21,52883	27,41416	0	0	False
-66,64906	-21,53339	27,5791	0	0	False
-67,71916	-21,5377	27,74602	0	0	False
-68,67285	-21,54154	27,90729	0	0	False
-69,6007	-21,54527	28,06491	0	-0,070443	False
-70,82019	-21,55018	28,22031	0	-0,2156863	False
-72,1893	-21,5557	28,37685	0	-0,1866376	False
-73,5521	-21,56118	28,53246	0	-0,157589	False
-74,87371	-21,5665	28,68402	0	-0,157589	False
-76,28424	-21,57217	28,84535	0	-0,157589	False
-77,56668	-21,57733	28,99184	0	-0,157589	False
-78,88456	-21,58264	29,14288	0	-0,1285403	False
-80,26455	-21,58819	29,30164	0	0	False
-81,5961	-21,59355	29,45939	0	0	False
-82,80347	-21,59841	29,61116	0	0	False
-83,97175	-21,60311	29,76793	0	0	False
-85,06356	-21,60751	29,92491	0	0	False
-86,08087	-21,6116	30,0816	0	0	False
-87,02029	-21,61538	30,23787	0	0	False
-87,90609	-21,61895	30,39334	-0,002662801	-0,03171146	False
-88,99142	-21,62624	30,54179	-0,1091745	-0,1963205	False
-90,4094	-21,6729	30,6954	-0,2737836	-0,3125151	False
-92,12974	-21,83617	30,85163	-0,4674413	-0,4190269	False
-93,82807	-22,16393	30,99403	-0,6030017	-0,4577585	False
-95,67139	-22,75669	31,14688	-0,661099	-0,4771242	False
-97,34869	-23,57984	31,29453	-1	-0,4480756	False
-98,89545	-24,76886	31,4487	-1	-0,4480756	False
-100,175	-26,29402	31,60641	-1	-0,2641007	False
-101,0742	-28,02286	31,76225	-1	0	False
-101,5722	-29,89936	31,92247	-1	-0,002662801	False
-101,7099	-32,13757	32,09667	-0,5158557	-0,070443	False
-101,5805	-34,43342	32,2732	-0,05107722	0	False
-101,3927	-36,53381	32,44013	0	0	False
-101,2138	-38,5299	32,60503	0	0	False
-101,033	-40,54712	32,7786	0	0	False
-100,8655	-42,41599	32,94593	0	0	False
-100,7191	-44,10379	33,10399	0,070443	0	False
-100,6056	-45,68713	33,25891	0,09949167	0	False
-100,5311	-47,20404	33,41444	0,1382232	0	False
-100,5018	-48,65089	33,57059	0,1382232	0	False
-100,5111	-49,92273	33,7155	0,05107722	0	False
-100,5356	-51,12797	33,86063	0	0	False
-100,5588	-52,23223	34,00135	0	0	False
-100,5824	-53,35305	34,14774	0	-0,002662801	False
-100,6044	-54,40393	34,28486	0	-0,002662801	False
-100,629	-55,57359	34,43024	0	-0,070443	False
-100,6594	-57,02303	34,57539	0	-0,1963205	False
-100,6917	-58,56224	34,72103	0	-0,1963205	False
-100,7246	-60,12875	34,86922	0	-0,1672719	False
-100,7587	-61,75398	35,02341	0	-0,002662801	False
-100,7898	-63,23725	35,16635	0	0	False
-100,8202	-64,68533	35,3129	-0,03171146	0	False
-100,8357	-66,04662	35,45819	-0,2641007	0	False
-100,7796	-67,33183	35,60252	-0,5158557	0	False
-100,6015	-68,56608	35,75031	-0,5545873	0	False
-100,2879	-69,75938	35,90581	-0,4868071	0	False
-99,90913	-70,76918	36,05003	-0,4383927	0	False
-99,38703	-71,83936	36,2187	-0,4190269	-0,04139434	False
-98,43833	-73,33511	36,41998	-0,4383927	-0,1963205	False
-97,1199	-74,9471	36,62087	-0,4577585	-0,235052	False
-95,01964	-76,81839	36,89047	-0,5545873	-0,04139434	False
-92,58162	-78,20947	37,16593	-0,6320504	0	False
-90,13257	-78,93069	37,42902	-0,6320504	0	False
-87,66457	-79,11327	37,69699	-0,2544178	0	False
-85,30834	-79,07533	37,96542	0	0	False
-83,06717	-79,02882	38,23326	0	-0,04139434	False
-80,46982	-78,97495	38,50224	0	-0,09949167	False
-77,87972	-78,92113	38,76979	0	-0,070443	False
-75,2321	-78,8661	39,04417	0	0	False
-72,81103	-78,81577	39,30501	0	0	False
-70,4484	-78,76665	39,57306	0	0	False
-68,20838	-78,72006	39,84198	0	0	False
-66,10931	-78,67642	40,1094	0	0	False
-64,1378	-78,63544	40,37709	0	0	False
-62,06682	-78,59235	40,6451	0	-0,1963205	False
-59,03948	-78,5294	40,92071	0	-0,2931494	False
-56,11112	-78,46849	41,18039	0	-0,2931494	False
-53,08948	-78,40565	41,44864	0	-0,2931494	False
-50,06016	-78,34267	41,71763	0	-0,2931494	False
-47,04586	-78,27998	41,98493	0	-0,2156863	False
-43,71407	-78,2107	42,25269	0	-0,2931494	False
-40,28327	-78,13937	42,5228	0	-0,2931494	False
-36,81744	-78,06731	42,79577	0	-0,2931494	False
-33,49694	-77,99829	43,05717	0	-0,2931494	False
-30,08471	-77,92737	43,32564	0	-0,2931494	False
-26,67715	-77,85653	43,5936	0	-0,2931494	False
-23,27246	-77,78582	43,8619	0,002662801	-0,2931494	False
-19,80454	-77,72334	44,13522	0,05107722	-0,2931494	False
-16,46352	-77,72129	44,3979	0,070443	-0,2931494	False
-12,91677	-77,80103	44,67107	0	-0,1382232	False
-9,55769	-77,89052	44,93354	0	0	False
-5,79104	-77,99085	45,20066	0	-0,2641007	False
-1,745984	-78,09863	45,47036	0	-0,2641007	False
2,262114	-78,20543	45,73788	0	-0,2253692	False
6,242281	-78,31147	46,00513	0	0	False
10,11538	-78,41466	46,27355	0	0	False
13,93225	-78,51635	46,54733	0	0	False
17,45835	-78,6103	46,80919	0	0	False
20,93887	-78,70303	47,07712	0	0	False
24,60396	-78,7996	47,34652	-0,01234569	-0,1382232	False
28,56894	-78,88799	47,61286	-0,01234569	0	False
32,1179	-78,93295	47,8581	-0,05107722	0	False
35,42113	-78,92874	48,09383	0	0,1672719	False
38,41267	-78,91786	48,31797	-0,002662801	1	False
41,01276	-78,88658	48,55037	-0,05107722	1	False
43,00544	-78,82599	48,77522	-0,06076011	1	False
44,52202	-78,75288	49,00965	-0,04139434	1	False
45,44317	-78,69894	49,21096	0	0	False
46,48674	-78,63702	49,42277	0	-0,2253692	False
48,21019	-78,53472	49,63621	0	-0,2834665	False
50,70681	-78,36665	49,93631	-0,2156863	-0,2931494	False
54,33327	-77,70482	50,34187	-0,4190269	-0,3899783	False
57,97923	-76,12415	50,72201	-0,5739531	-0,4868071	False
60,31591	-74,18728	50,98914	-1	-0,4577585	False
61,82428	-71,48114	51,26113	-1	-0,409344	False
62,51105	-68,01055	51,57109	-0,1382232	-0,1382232	False
62,83089	-65,0097	51,83928	0	0	False
63,14189	-62,0772	52,11306	0	0	False
63,42778	-59,38148	52,37679	0	0	False
63,70401	-56,77694	52,64338	0	0	False
63,99046	-54,07278	52,93511	-0,05107722	0	False
64,1961	-51,65561	53,20919	-0,1285403	0	False
64,28979	-49,26226	53,49657	0	0	False
64,36478	-46,50494	53,85087	0	1	False
64,40643	-44,97385	54,11756	0	1	False
64,43088	-44,07521	54,38577	0	1	False
64,43793	-43,81667	54,65388	0	1	False
64,43793	-43,81665	54,92886	0	0,2156863	False
64,43793	-43,81665	55,1894	0	0	False
64,43793	-43,81665	55,45701	0	0	False
64,43793	-43,81665	55,72512	0	0	False
64,43793	-43,81665	55,99427	0	0	False
64,43793	-43,81665	56,26155	0	0	False
64,43793	-43,81665	56,52971	0	0	False
64,43793	-43,81665	56,79731	0	0	False
64,43793	-43,81665	57,06537	0	0	False
64,43793	-43,81665	57,33399	0	0	False
64,43793	-43,81665	57,6017	0	0	False
64,43793	-43,81665	57,8707	0	0	False
64,43793	-43,81665	58,13836	0	0	False
64,44335	-43,61789	58,40789	0	-0,1866376	False
64,46548	-42,80431	58,68182	0	-0,2156863	False
64,48945	-41,92283	58,94305	0	-0,235052	False
64,51604	-40,94526	59,21039	0	-0,235052	False
64,5433	-39,94333	59,48371	0	-0,2253692	False
64,57254	-38,86813	59,77962	0	0	False
64,59752	-37,94972	60,05959	0	0	False
64,61786	-37,20134	60,32777	0	0	False
64,63472	-36,58141	60,5963	0	0	False
64,6484	-36,07836	60,87195	0	0	False
19,5	33,74163	61,12902	0	0	False
19,5	33,74163	61,39671	0	0	False
19,5	33,74163	61,66638	0	0	False
19,5	33,74163	61,93281	0	0	False
19,5	33,74163	62,21281	0	0	False
19,5	33,74423	62,47991	0	-0,002662801	False
19,49999	34,20441	62,75646	0	-0,2156863	False
19,49997	35,04037	63,01744	0	-0,1866376	False
19,5	35,90429	63,28444	0	-0,1866376	False
19,50005	36,972	63,55289	0	-0,2156863	False
19,49338	38,14745	63,82108	-0,235052	-0,2544178	False
19,35137	39,5499	64,08825	-0,6223675	-0,3512467	False
18,8385	41,15344	64,35735	-0,6707819	-0,3609295	False
17,83072	42,56947	64,63139	-1	-0,3802953	False
16,45706	43,48055	64,88376	-1	-0,322198	False
14,92568	43,95793	65,1294	-0,235052	-0,01234569	False
13,54264	44,24897	65,35461	-0,002662801	0	False
12,01404	44,54354	65,59245	-0,1672719	-0,157589	False
10,12624	44,81783	65,79794	-0,1866376	-0,3125151	False
7,500751	45,03973	66,03265	-0,2447349	-0,3899783	False
4,378546	45,03749	66,30014	-0,235052	-0,322198	False
1,25567	44,78338	66,5688	0	-0,2156863	False
-1,736894	44,48849	66,82683	0	-0,2156863	False
-4,311875	44,23478	67,04884	0	-0,1963205	False
-6,630483	44,00633	67,24972	0	0	False
-8,850359	43,78784	67,44965	0,01234569	0	False
-10,89454	43,59755	67,6416	0,0801259	0,070443	False
-12,93242	43,4552	67,83797	0,157589	0,1382232	False
-14,79427	43,39779	68,02226	0,09949167	0	False
-16,71559	43,39119	68,22087	0	0	False
-18,35937	43,39136	68,39983	0	0	False
-20,03246	43,39154	68,59113	0	-0,01234569	False
-21,75681	43,39171	68,76926	0	-0,1672719	False
-23,99253	43,39194	68,96529	0	-0,1963205	False
-25,99786	43,39217	69,14004	0	-0,1963205	False
-27,89067	43,39239	69,30493	0	-0,1963205	False
-29,81863	43,39262	69,47261	0	-0,1963205	False
-31,73783	43,39287	69,64	0	-0,1866376	False
-33,64231	43,39312	69,80597	0	-0,1382232	False
-35,45926	43,39335	69,96459	0	-0,08980878	False
-37,37146	43,39359	70,13071	0	-0,09949167	False
-39,42839	43,39386	70,28992	0	-0,2253692	False
-41,53362	43,39411	70,44468	0	-0,235052	False
-43,8632	43,39438	70,61543	0	-0,2253692	False
-46,09572	43,39465	70,77928	0	-0,09949167	False
-48,22541	43,39492	70,93744	0	0	False
-50,24662	43,39519	71,09253	0	0	False
-52,08125	43,39543	71,23938	0	0	False
-53,95267	43,39566	71,39443	0	0	False
-55,75181	43,39589	71,55001	0	0	False
-57,35972	43,39609	71,69534	0	0	False
-58,892	43,39629	71,83991	0	0	False
-60,36314	43,39648	71,98549	0	0	False
-61,86407	43,39668	72,14135	0	0	False
-63,19955	43,39684	72,28707	0	0	False
-64,44211	43,39699	72,43047	0	0	False
-65,60562	43,39713	72,57255	0	0	False
-66,72944	43,39727	72,7186	0	0	False
-67,85714	43,39742	72,87428	0	-0,002662801	False
-68,84656	43,39756	73,01331	0	-0,01234569	False
-69,95906	43,39771	73,1604	0	-0,06076011	False
-71,11493	43,39785	73,30352	0	-0,070443	False
-72,29212	43,39799	73,44834	0	-0,070443	False
-73,56531	43,39815	73,60567	0	-0,070443	False
-74,73593	43,3983	73,74966	0	-0,070443	False
-75,9082	43,39845	73,89421	0	-0,070443	False
-77,11185	43,3986	74,04056	0	-0,08980878	False
-78,33186	43,39907	74,18579	0,02202857	-0,08980878	False
-79,5481	43,40479	74,33025	0,05107722	-0,08980878	False
-80,7652	43,42223	74,47543	0,05107722	-0,08980878	False
-81,98017	43,45192	74,62012	0,01234569	-0,070443	False
-83,16668	43,48596	74,76141	0	-0,06076011	False
-84,39562	43,52127	74,90784	0	-0,06076011	False
-85,54874	43,55441	75,04523	0	-0,06076011	False
-86,77245	43,58957	75,19079	-0,002662801	-0,04139434	False
-87,98633	43,61728	75,33578	-0,157589	-0,03171146	False
-89,2039	43,60759	75,48079	-0,322198	-0,03171146	False
-90,42095	43,51693	75,62637	-0,5449044	-0,03171146	False
-91,6237	43,29865	75,77177	-0,5642702	-0,03171146	False
-92,77993	42,94876	75,91607	-0,5739531	-0,03171146	False
-93,91215	42,45648	76,06328	-0,5739531	-0,03171146	False
-95,11414	41,74263	76,22963	-0,6126846	-0,03171146	False
-96,15756	40,90924	76,38887	-0,6030017	-0,03171146	False
-97,16573	39,83913	76,56445	-0,6223675	-0,03171146	False
-97,92911	38,74755	76,72331	-0,6030017	-0,03171146	False
-98,60454	37,42496	76,90051	-0,5061729	-0,01234569	False
-99,13146	35,96621	77,08332	-0,3318809	-0,04139434	False
-99,67667	33,90413	77,29239	-0,1672719	-0,2253692	False
-100,2254	31,28808	77,51547	-0,1769547	-0,2641007	False
-100,6022	28,86369	77,71703	-0,235052	-0,2156863	False
-100,84	26,16868	77,9406	-0,1866376	0	False
-100,9165	23,69624	78,15195	-0,1285403	0	False
-100,8993	21,06298	78,38644	0	0	False
-100,8671	18,70926	78,60566	0	0	False
-100,8395	16,69889	78,80158	0	0	False
-100,8128	14,74752	79,00089	0	0	False
-100,7857	12,77276	79,21291	0	0	False
-100,7613	10,99263	79,41415	0	0	False
-100,737	9,218231	79,62699	0	0	False
-100,7142	7,551206	79,83863	0	0	False
-100,6932	6,015097	80,04639	0	0	False
-100,6748	4,677	80,24026	0	0	False
-100,659	3,511828	80,42152	0,002662801	0	False
-100,6439	2,330987	80,62006	0,01234569	0	False
-100,6353	1,225271	80,81133	0,06076011	-0,06076011	False
-100,648	-0,4086971	81,01194	0,06076011	-0,2156863	False
-100,6874	-2,077747	81,20269	0,03171146	-0,2156863	False
-100,7386	-3,736275	81,39186	0	-0,1672719	False
-100,79	-5,384759	81,58191	0	0	False
-100,8467	-7,203391	81,79157	0	-0,070443	False
-100,9169	-9,451897	82,0183	0	-0,1091745	False
-100,987	-11,70106	82,24141	0	-0,1382232	False
-101,0179	-14,04024	82,46627	-0,4190269	-0,1091745	False
-100,8107	-16,11348	82,66672	-1	-0,08980878	False
-99,77424	-18,7523	82,93511	-1	-0,070443	False
-97,86624	-20,88786	83,20417	-0,5642702	-0,04139434	False
-95,52868	-22,51531	83,47124	-0,5158557	-0,03171146	False
-92,80297	-23,67052	83,74042	-0,5836359	-0,070443	False
-89,77894	-24,25679	84,01402	-0,322198	-0,01234569	False
-86,77428	-24,50456	84,27708	0	-0,04139434	False
-83,16954	-24,77129	84,5445	0	-0,1672719	False
-79,43768	-25,0471	84,81455	-0,02202857	-0,1866376	False
-75,7225	-25,27537	85,08041	-0,1382232	-0,1866376	False
-71,97318	-25,32849	85,34819	-0,157589	-0,1672719	False
-68,21712	-25,1979	85,61635	0	-0,1382232	False
-64,37137	-25,04181	85,89127	0	-0,09949167	False
-60,71035	-24,89323	86,15304	0	-0,04139434	False
-57,02603	-24,74375	86,42081	0	0	False
-53,45453	-24,59888	86,68981	0	0	False
-50,03716	-24,46028	86,95715	0,002662801	0	False
-46,73112	-24,33576	87,2253	0,03171146	0	False
-43,33372	-24,24858	87,49423	0,070443	-0,04139434	False
-39,81344	-24,25505	87,76645	0,08980878	0	False
-36,48415	-24,34866	88,02936	0	0	False
-33,23164	-24,45043	88,2963	0	0	False
-30,11737	-24,54788	88,56455	0	0	False
-27,16202	-24,64033	88,83164	0	0	False
-23,82531	-24,74471	89,1003	0	-0,1672719	False
-20,15828	-24,85943	89,3682	0	-0,1963205	False
-16,40166	-24,97694	89,64255	0	-0,1963205	False
-12,8034	-25,08838	89,90482	-0,04139434	-0,1963205	False
-9,144386	-25,16302	90,17173	-0,0801259	-0,1963205	False
-5,450511	-25,15866	90,44119	0	-0,1091745	False
-1,783457	-25,13978	90,70908	0	-0,002662801	False
2,009728	-25,12029	90,97688	0	-0,08980878	False
6,037561	-25,09961	91,24512	0	-0,1672719	False
10,13585	-25,07855	91,51868	0	-0,157589	False
14,06453	-25,05839	91,78049	0	-0,157589	False
18,07989	-25,03777	92,04816	0	-0,1091745	False
22,10766	-25,01667	92,31763	-0,002662801	0	False
25,99402	-24,9942	92,5846	0	0	False
29,7658	-24,97204	92,85258	-0,002662801	0	False
33,41177	-24,94884	93,12062	0	0	False
37,02916	-24,92575	93,39678	0	0	False
40,28879	-24,90494	93,65678	0	1	False
43,14482	-24,88671	93,92506	0	1	False
45,34934	-24,87264	94,1925	0	1	False
46,89412	-24,86278	94,45041	0	0	False
48,20741	-24,85439	94,67302	0	-0,1382232	False
50,0873	-24,84238	94,91758	0	-0,1672719	False
51,97029	-24,82831	95,16232	-0,08980878	-0,1672719	False
53,83998	-24,74622	95,39981	-0,3706124	-0,1866376	False
55,6804	-24,46593	95,62879	-0,4771242	-0,1963205	False
57,7626	-23,78144	95,8908	-0,661099	-0,2156863	False
59,68405	-22,58607	96,16026	-0,6320504	-0,1963205	False
61,25466	-20,97553	96,4281	-0,6126846	-0,1963205	False
62,42409	-19,03695	96,69791	-0,6223675	-0,1963205	False
63,11581	-16,90667	96,96443	-0,5158557	-0,08980878	False
63,40903	-14,71964	97,23238	-0,06076011	0	False
63,59066	-12,57639	97,50932	0	0	False
63,74972	-10,6952	97,76859	0	0	False
63,90347	-8,876542	98,03661	0	0	False
64,04785	-7,168666	98,30722	0	0	False
64,23933	-4,903883	98,69642	0	0	False
64,42112	-2,753577	99,09813	0	0	False
64,52577	-1,105312	99,41075	-0,3415638	-0,04139434	False
64,4276	0,5752214	99,6784	-0,4577585	-0,1091745	False
64,03419	2,393429	99,94667	-0,3706124	-0,1382232	False
63,34609	4,252847	100,2224	-0,4190269	-0,157589	False
62,33334	6,002938	100,4827	-0,6514161	-0,2253692	False
60,54741	7,781797	100,7514	-0,6417332	-0,3125151	False
58,29443	9,080166	101,0195	-0,3802953	-0,235052	False
55,88654	10,01518	101,2859	-0,2834665	-0,1382232	False
53,34024	10,68868	101,5534	-0,3706124	-0,070443	False
49,92266	11,12046	101,8216	-0,2447349	-0,2641007	False
46,24713	11,29574	102,0956	0	-0,1382232	False
42,61653	11,45293	102,3587	0	-0,1866376	False
38,41914	11,63468	102,6397	0	-0,2253692	False
34,40281	11,8077	102,9079	-0,02202857	0	False
30,51575	11,88185	103,1736	-0,1866376	0	False
26,72965	11,71364	103,4415	-0,002662801	0	False
23,07695	11,47412	103,7092	0	0	False
19,30159	11,22653	103,9965	0	0	False
15,98487	11,00903	104,2579	0	0	False
12,72833	10,81442	104,5245	0,1479061	0	False
9,566924	10,77812	104,7934	0,1285403	0	False
6,554321	10,88287	105,0611	0	0	False
3,67235	10,99208	105,3284	0	0	False
0,9062749	11,09688	105,5969	0	0	False
-1,847332	11,2012	105,8776	0	0	False
-3,913546	11,27882	106,0988	-0,02202857	0	False
-5,813726	11,34113	106,3117	-0,02202857	0,1285403	False
-7,497984	11,38565	106,5144	-0,02202857	0,7579279	False
-8,881682	11,41392	106,7362	-0,002662801	1	False
-9,674185	11,42839	106,9381	0	1	False
-10,00056	11,43434	107,151	0	1	False
-10,00512	11,43442	107,3627	0	1	False
-10,00512	11,43442	107,5625	0	0	False
-10,54274	11,44422	107,7698	0	-0,322198	False
-11,6752	11,46487	107,9871	0	-0,3512467	False
-12,73719	11,48425	108,1886	0	-0,3512467	False
-13,79486	11,50355	108,3894	0	-0,322198	False
-14,8273	11,52238	108,5858	0	-0,2641007	False
-15,85283	11,54123	108,7811	0,04139434	-0,1672719	False
-16,84995	11,58174	108,9716	0,3512467	-0,06076011	False
-18,07835	11,76935	109,2056	1	-0,070443	False
-19,41424	12,39827	109,4786	0,661099	-0,08980878	False
-20,53584	13,40767	109,7415	0,6030017	-0,08980878	False
-21,41855	14,67506	110,0158	0,6030017	-0,08980878	False
-21,97906	16,06028	110,2775	0,5836359	-0,09949167	False
-22,249	17,609	110,5452	0,4287098	-0,09949167	False
-22,29732	19,18942	110,8144	0	0	False
-22,31305	20,63988	111,0815	0	0	False
-22,32742	21,96737	111,3494	0	0	False
-22,34044	23,16953	111,6178	0	0	False
-22,35232	24,26578	111,8924	0	0	False
19,5	33,742	112,1538	0	0	False
19,5	33,74163	112,4221	0	0	False
19,5	33,74163	112,6907	0	0	False
19,5	33,74163	112,9594	0	0	False
19,5	33,74163	113,2263	0	0	False
19,5	33,74163	113,4945	0	0	False
19,5	33,96054	113,769	0	-0,1672719	False
19,49999	34,86793	114,0319	0	-0,1963205	False
19,50069	35,87624	114,2985	0,08980878	-0,235052	False
19,54812	36,96915	114,5671	0,409344	-0,235052	False
19,75489	38,04486	114,8349	0,6030017	-0,235052	False
20,11454	38,88304	115,0579	1	-0,235052	False
20,67135	39,55142	115,271	1	-0,235052	False
21,54167	40,09173	115,5221	0,6514161	-0,235052	False
22,5717	40,40521	115,7848	0,3512467	-0,235052	False
23,66671	40,58255	116,0523	0,1866376	-0,2544178	False
25,72029	40,76198	116,321	0	-0,6030017	False
28,28407	40,96516	116,5884	0	-0,5836359	False
30,85713	41,15332	116,8569	0,1479061	-0,5739531	False
33,4342	41,22245	117,1249	0,157589	-0,5449044	False
36,0668	41,15902	117,3993	0	-0,5352215	False
38,58155	41,07964	117,6607	0	-0,5352215	False
41,14918	40,99855	117,9281	0	-0,4868071	False
43,67814	40,91864	118,1863	0	-0,5545873	False
46,5813	40,82691	118,4531	0	-0,5739531	False
48,98692	40,7509	118,6735	0	-0,5739531	False
51,21843	40,6804	118,8784	0	-0,5158557	False
53,40731	40,61124	119,0795	0	-0,4190269	False
55,7803	40,53624	119,291	0	-0,4868071	False
58,66554	40,44511	119,5045	0	-0,6417332	False
61,50881	40,35528	119,7044	0	-0,6320504	False
64,48237	40,26132	119,9137	0	-0,5158557	False
67,86948	40,15451	120,1525	-0,002662801	-0,3318809	False
70,53486	40,0751	120,3406	-0,05107722	-0,1963205	False
73,08297	40,03257	120,5207	-0,09949167	-0,070443	False
75,59669	40,04825	120,6993	-0,04139434	0	False
78,26436	40,09554	120,895	0	0	False
80,67025	40,13916	121,078	0	0	False
82,8164	40,17808	121,2471	0	0	False
84,99064	40,21752	121,4257	0	0	False
87,07475	40,25532	121,6036	0	0	False
89,06969	40,29151	121,7813	0	0	False
90,87026	40,32418	121,9485	0	0	False
92,59393	40,35546	122,1217	0	0	False
94,3485	40,38734	122,2958	0	0	False
96,07372	40,41869	122,4815	0	0	False
97,64739	40,4473	122,6593	0	0	False
99,09032	40,47348	122,8321	0	0	False
100,5951	40,50083	123,0229	0	-0,002662801	False
102,0517	40,52729	123,2123	0	0	False
103,3448	40,55077	123,3909	0	0	False
104,7185	40,57573	123,5809	0	-0,06076011	False
106,1594	40,60192	123,759	0	-0,09949167	False
107,5467	40,62712	123,9227	0	-0,1091745	False
108,8755	40,65124	124,0793	0	-0,1091745	False
110,1163	40,67379	124,2254	0	-0,09949167	False
111,4345	40,69776	124,3809	0	-0,01234569	False
112,7262	40,72121	124,5364	0	0	False
113,8192	40,74108	124,6756	0	0	False
114,9618	40,76184	124,8303	0	0	False
115,9674	40,78012	124,9762	0	0	False
116,9045	40,79706	125,1221	0,01234569	0	False
117,7619	40,80271	125,2663	0,2931494	0	False
118,6172	40,75523	125,4232	0,5158557	0	False
119,3307	40,64002	125,5684	0,5739531	0	False
119,9597	40,46186	125,7142	0,5933188	0	False
120,5783	40,19851	125,8707	0,5449044	-0,070443	False
121,4901	39,67189	126,0274	0,4771242	-0,2641007	False
122,7197	38,79573	126,2048	0,4287098	-0,322198	False
123,8232	37,8373	126,3727	0,4577585	-0,322198	False
124,8813	36,65018	126,5525	0,5255386	-0,322198	False
125,7564	35,34176	126,7311	0,5255386	-0,322198	False
126,5426	33,69942	126,9381	0,5836359	-0,2931494	False
127,0254	32,05176	127,1325	0,5836359	-0,2931494	False
127,2553	30,00297	127,3668	0,5255386	-0,2931494	False
127,1086	27,63784	127,6359	0,1285403	-0,2931494	False
126,8293	25,29939	127,9039	0	0	False
126,5626	23,07488	128,171	0	0	False
126,3091	20,95931	128,4404	0	0	False
126,082	19,06525	128,6972	0	0	False
125,8673	17,2733	128,9646	0	0,8934883	False
125,7062	16,0088	129,2328	0,3415638	1	False
125,5579	15,39503	129,5025	0,6804648	1	False
125,5286	15,32801	129,7774	0,3318809	0	False
125,2436	14,93715	130,0393	0,002662801	-0,2931494	False
124,4591	13,87014	130,3078	0	-0,2931494	False
123,6528	12,81452	130,5767	0,3996611	-0,2641007	False
122,7156	11,8858	130,8437	1	-0,2641007	False
121,5381	11,28385	131,1115	1	-0,2641007	False
120,2243	11,09374	131,3793	0,322198	-0,2641007	False
118,8959	11,06983	131,6554	0	-0,002662801	False
116,8444	11,04329	131,9158	0	-0,3512467	False
114,1858	11,00893	132,1838	0	-0,3512467	False
111,5207	10,97451	132,4525	0	-0,3318809	False
108,8687	10,94028	132,7207	0	-0,235052	False
106,2179	10,90606	132,9887	0	-0,235052	False
103,5712	10,8719	133,2562	0	-0,2156863	False
100,8208	10,8364	133,5311	0	-0,2156863	False
97,90856	10,79881	133,7932	0	-0,2253692	False
94,95033	10,76062	134,0604	0	0	False
92,09822	10,72381	134,3289	0	0	False
89,39376	10,68891	134,5959	0	0	False
86,79857	10,65541	134,8646	0	0	False
84,34827	10,62377	135,1315	0	0	False
81,96451	10,593	135,4056	0	0,06076011	False
79,83957	10,56557	135,6674	0	0,4868071	False
77,96733	10,5414	135,9361	0	0	False
76,2646	10,51942	136,2047	0	0	False
74,64655	10,49853	136,4725	0	-0,1285403	False
72,03995	10,46489	136,7402	0	-0,3512467	False
69,06523	10,42649	137,0076	0	-0,3609295	False
66,01747	10,3885	137,2818	0,02202857	-0,3609295	False
63,10168	10,37013	137,5436	0,04139434	-0,3609295	False
60,12015	10,39299	137,8116	0,05107722	-0,322198	False
57,10772	10,4528	138,0825	0	-0,322198	False
54,15668	10,51221	138,3479	0	-0,322198	False
50,98127	10,57615	138,6155	0	-0,4190269	False
47,21395	10,65203	138,8847	0	-0,5449044	False
43,26175	10,73164	139,1583	0	-0,5158557	False
39,48546	10,80768	139,4195	0	-0,3609295	False
35,57768	10,88632	139,6881	0	-0,2641007	False
31,54472	10,96747	139,9572	0	-0,1866376	False
27,58104	11,04722	140,2248	0	0	False
23,73049	11,12471	140,4936	0	0	False
20,00196	11,19976	140,7605	0	-0,04139434	False
16,08553	11,27859	141,0337	0	0	False
12,42645	11,35134	141,2961	-0,02202857	0	False
8,804818	11,39603	141,5648	-0,1188574	0	False
5,31853	11,30641	141,8328	-0,070443	0	False
1,98074	11,1307	142,1	0	0	False
-1,238833	10,9592	142,3679	0	0	False
-4,026122	10,81071	142,6095	0	0,409344	False
-6,174244	10,69698	142,8171	0,01234569	1	False
-7,869398	10,61226	143,0276	0,02202857	1	False
-9,065559	10,56278	143,2398	0,0801259	1	False
-9,76224	10,55026	143,4525	0,09949167	0,2931494	False
-10,2064	10,55509	143,6538	0,04139434	0	False
-11,0102	10,57274	143,8612	0	-0,1963205	False
-12,1275	10,59731	144,0693	0	-0,235052	False
-13,21564	10,62123	144,2681	0	-0,235052	False
-14,37386	10,64671	144,4798	0	-0,235052	False
-15,52179	10,67184	144,68	-0,04139434	-0,2641007	False
-16,76262	10,67228	144,8814	-0,2931494	-0,2931494	False
-17,97747	10,57871	145,0608	-0,49649	-0,3512467	False
-19,32241	10,30927	145,2501	-0,6030017	-0,3609295	False
-20,54612	9,840263	145,4284	-1	-0,3609295	False
-21,7991	8,933372	145,6394	-1	-0,3609295	False
-22,79565	7,695289	145,8557	-0,5255386	-0,322198	False
-23,56226	6,341377	146,0671	-0,3899783	-0,2641007	False
-24,15039	4,914865	146,2778	-0,4868071	-0,2641007	False
-24,55494	3,319082	146,5018	-0,3899783	-0,157589	False
-24,74224	1,867373	146,7029	-0,08980878	0	False
-24,87481	0,4432085	146,9106	0	0	False
-25,01053	-1,026009	147,1165	0	-0,070443	False
-25,16804	-2,731175	147,3165	0	-0,1382232	False
-25,32051	-4,38774	147,5082	-0,070443	-0,08980878	False
-25,45146	-6,16895	147,7197	-0,1479061	0	False
-25,50388	-7,764335	147,9197	-0,157589	0	False
-25,49535	-9,192071	148,1098	-0,04139434	0	False
-25,46801	-10,52552	148,2998	0	0	False
-25,44198	-11,77621	148,4905	0	0	False
-25,41535	-13,05602	148,7019	0	0	False
-25,39341	-14,11044	148,8907	0	0	False
-25,38368	-15,0234	149,0699	0,3609295	0	False
-25,43603	-15,81054	149,2406	0,5255386	0	False
-25,59902	-16,61746	149,4391	0,5836359	0	False
-25,82331	-17,23206	149,618	0,49649	0	False
-26,17265	-17,89659	149,8039	0,4577585	-0,1672719	False
-26,83379	-18,85948	149,9885	0,5352215	-0,2253692	False
-27,7236	-19,83564	150,1758	0,6030017	-0,2544178	False
-28,71921	-20,63743	150,3554	0,6417332	-0,2544178	False
-29,76125	-21,23972	150,524	0,661099	-0,2544178	False
-30,95037	-21,69372	150,7025	0,6707819	-0,2544178	False
-32,12366	-21,93417	150,8701	0,6707819	-0,2544178	False
-33,31951	-21,99361	151,0383	0,409344	-0,2544178	False
-34,54704	-21,93445	151,2057	0,05107722	-0,2931494	False
-36,05244	-21,83081	151,3741	0	-0,4577585	False
-37,88458	-21,7046	151,5391	0	-0,5836359	False
-40,023	-21,55729	151,7079	0	-0,6030017	False
-42,16625	-21,4128	151,8761	-0,04139434	-0,5352215	False
-44,38083	-21,2846	152,0495	-0,08980878	-0,5061729	False
-46,50748	-21,20619	152,216	-0,1285403	-0,4190269	False
-48,51112	-21,18964	152,3728	-0,1285403	-0,3125151	False
-50,7615	-21,2312	152,5493	0	-0,1672719	False
-52,96689	-21,29043	152,7233	0	0	False
-55,17154	-21,34965	152,9022	0	0	False
-57,03558	-21,39973	153,0593	0	0	False
-58,93989	-21,45092	153,2267	0	0	False
-60,63453	-21,49649	153,3823	0	0	False
-62,3675	-21,54309	153,5485	0	0	False
-63,94091	-21,5854	153,7068	0	0	False
-65,52833	-21,6281	153,875	0	0	False
-67,01543	-21,6681	154,0409	0	0	False
-68,26006	-21,70158	154,1869	0	-0,002662801	False
-69,94597	-21,74695	154,3434	0	-0,2544178	False
-71,87182	-21,79878	154,5017	0	-0,2544178	False
-73,87425	-21,85267	154,6664	0	-0,04139434	False
-75,73845	-21,90272	154,8232	0,01234569	0	False
-77,52151	-21,94671	154,9789	0,03171146	0	False
-79,2398	-21,97465	155,1356	0,09949167	0	False
-80,75755	-21,96609	155,2805	0,1866376	0	False
-82,20184	-21,90791	155,425	0,1866376	0	False
-83,57603	-21,80169	155,5697	0,1188574	0	False
-84,9059	-21,66834	155,718	0	0	False
-86,21873	-21,53277	155,8721	0	0	False
-87,51971	-21,39842	156,0171	0	-0,1285403	False
-89,07429	-21,23787	156,1576	0	-0,2156863	False
-90,79608	-21,06075	156,3045	-0,06076011	-0,2641007	False
-92,65642	-20,91218	156,442	-0,4674413	-0,409344	False
-94,76392	-20,93751	156,5864	-1	-0,4190269	False
-96,8355	-21,34575	156,7315	-1	-0,4190269	False
-98,79162	-22,16734	156,8774	-1	-0,409344	False
-100,5672	-23,38914	157,0257	-1	-0,3512467	False
-102,0926	-24,99876	157,1838	-1	-0,322198	False
-103,3122	-27,08434	157,3457	-1	-0,3125151	False
-104,0215	-29,13561	157,495	-1	-0,2931494	False
-104,2941	-31,37034	157,6496	-1	-0,2641007	False
-104,0655	-33,79143	157,8174	-0,5255386	-0,1091745	False
-103,5166	-36,2941	157,995	0	0	False
-102,9774	-38,58601	158,1642	0	0	False
-102,43	-40,8695	158,3387	0	0	False
-101,9496	-42,84499	158,4956	0,08980878	0	False
-101,5395	-44,72487	158,6496	0,2931494	0	False
-101,2502	-46,61063	158,8083	0,3899783	0	False
-101,1345	-48,1772	158,9444	0,409344	0	False
-101,1366	-49,79392	159,0902	0,235052	0	False
-101,2071	-51,30652	159,2331	0	0	False
-101,2846	-52,7737	159,3787	0	0	False
-101,3586	-54,17451	159,5244	0	0	False
-101,4286	-55,50018	159,6694	0	0	False
-101,4947	-56,75169	159,8141	0	0	False
-101,5574	-57,93906	159,9598	-0,002662801	0	False
-101,6136	-59,05502	160,1051	-0,0801259	0	False
-101,6512	-60,10027	160,2498	-0,08980878	0	False
-101,6685	-61,07317	160,3943	-0,08980878	0	False
-101,6684	-61,95636	160,5357	-0,0801259	0	False
-101,6547	-62,79998	160,6819	-0,0801259	0	False
-101,631	-63,54065	160,8215	-0,06076011	0	False
-101,601	-64,23312	160,965	-0,03171146	0	False
-101,5695	-64,8784	161,1111	0	-0,01234569	False
-101,5281	-65,71767	161,2558	0	-0,1672719	False
-101,475	-66,73425	161,4005	-0,1188574	-0,1963205	False
-101,3865	-67,89635	161,5565	-0,2641007	-0,2253692	False
-101,239	-69,02289	161,703	-0,4480756	-0,235052	False
-100,9945	-70,11256	161,8466	-0,5255386	-0,235052	False
-100,629	-71,19253	161,9935	-0,5255386	-0,2253692	False
-100,0749	-72,3736	162,1621	-0,3706124	-0,04139434	False
-99,30318	-73,67145	162,364	-0,2060034	0	False
-98,48472	-74,86512	162,5712	-0,2641007	0	False
-97,6423	-75,89725	162,7763	-0,5642702	0,6030017	False
-96,65423	-76,754	163,0382	-0,5158557	1	False
-96,04229	-77,10372	163,3041	-0,3899783	1	False
-95,79441	-77,20286	163,5716	-0,06076011	0	False
-95,66524	-77,24984	163,8464	0	0	False
-95,64843	-77,25597	164,108	0	0	False
19,5	33,742	164,3732	0	0	False
19,5	33,74163	164,6426	0	0	False
19,5	33,74163	164,9796	0	0	False
19,5	33,74163	165,3807	0	0	False
19,5	33,79918	165,7283	0	-0,04139434	False
19,5	34,08948	165,9936	0	-0,1285403	False
19,49997	34,6043	166,2635	0	-0,1285403	False
19,49998	35,11482	166,5307	0	-0,1285403	False
19,5	35,62676	166,7986	0	-0,1285403	False
19,50037	36,14364	167,0669	0,070443	-0,1382232	False
19,52563	36,85834	167,3426	0,2834665	-0,1866376	False
19,62875	37,57787	167,6027	0,49649	-0,1866376	False
19,83892	38,23167	167,8482	0,5642702	-0,1866376	False
20,10622	38,73603	168,0523	0,5836359	-0,1866376	False
20,47672	39,2165	168,2609	0,5836359	-0,2156863	False
21,11785	39,79498	168,4982	0,5158557	-0,2834665	False
22,03747	40,37455	168,7298	0,5255386	-0,3318809	False
23,2803	40,87418	168,9992	0,5545873	-0,3318809	False
24,59345	41,10734	169,2676	0,5255386	-0,3318809	False
26,04475	41,1033	169,5414	0,03171146	-0,4383927	False
27,97548	41,02249	169,8023	0	-0,5061729	False
30,01256	40,93724	170,0709	0	-0,4190269	False
32,04179	40,85232	170,3391	0	-0,3802953	False
34,06971	40,76745	170,6071	0	-0,3802953	False
36,0928	40,68276	170,8748	0	-0,2253692	False
38,11107	40,5983	171,1427	0	-0,1382232	False
40,16012	40,51255	171,4167	0	0	False
42,03224	40,43422	171,6808	-0,002662801	0	False
43,79398	40,36581	171,9472	-0,03171146	0	False
45,40073	40,32775	172,2094	-0,1188574	0	False
46,76102	40,34905	172,4501	-0,1672719	0	False
48,00626	40,43391	172,6912	-0,09949167	0	False
48,91573	40,52399	172,8862	0	0	False
49,80235	40,61377	173,0976	0	0	False
50,61345	40,69593	173,3164	0	0	False
51,29522	40,765	173,5124	0	-0,01234569	False
52,04316	40,84078	173,7227	0	-0,01234569	False
52,96171	40,93192	173,9419	0,070443	-0,09949167	False
53,97531	41,00655	174,1467	0,2931494	-0,1091745	False
55,27356	40,97723	174,4048	0,5545873	-0,09949167	False
56,31798	40,77771	174,6167	0,5739531	-0,09949167	False
57,41873	40,35479	174,851	0,5739531	-0,09949167	False
58,5563	39,62951	175,1196	0,5739531	-0,09949167	False
59,51073	38,68031	175,3875	0,5739531	-0,09949167	False
60,25421	37,5235	175,6615	0,5739531	-0,09949167	False
60,77613	36,09656	175,9243	0,4577585	-0,2253692	False
61,13683	34,2199	176,1919	0,1866376	-0,2641007	False
61,37744	32,21828	176,4607	0,070443	-0,2641007	False
61,55608	30,22269	176,7278	0,157589	-0,2641007	False
61,62722	28,21421	176,996	0,1769547	-0,2641007	False
61,57809	26,00048	177,2635	0	-0,3899783	False
61,49158	23,41943	177,5388	0	-0,3899783	False
61,40942	20,96759	177,7999	0	-0,3609295	False
61,32469	18,4394	178,069	0	-0,3609295	False
61,23655	15,80988	178,3305	0	-0,4190269	False
61,15631	13,41537	178,5608	0	-0,4190269	False
61,07047	10,85318	178,8073	0	-0,409344	False
60,99297	8,539469	179,0297	0	-0,3802953	False
60,91766	6,226501	179,2527	-0,03171146	-0,3802953	False
60,86413	4,021294	179,465	-0,04139434	-0,3512467	False
60,83696	1,82847	179,6762	-0,02202857	-0,1963205	False
60,82224	-0,2432446	179,8778	0	0	False
60,80829	-2,221772	180,0789	0	0	False
60,79425	-4,217695	180,2926	0	0	False
60,78101	-6,103336	180,5051	0	0	False
60,76936	-7,757917	180,702	0	0	False
60,75861	-9,289197	180,8954	0	0	False
60,74873	-10,69078	181,0839	-0,002662801	0	False
60,74566	-12,02311	181,2753	-0,1382232	0	False
60,79011	-13,18066	181,4533	-0,3802953	0	False
60,93998	-14,2999	181,6328	-0,5545873	-0,01234569	False
61,37882	-15,82443	181,8457	-0,4868071	-0,1382232	False
62,29976	-17,83907	182,0792	-0,4190269	-0,2931494	False
63,68082	-19,97602	182,3041	-0,6223675	-0,3609295	False
65,49322	-21,81372	182,527	-1	-0,3609295	False
67,39782	-22,8849	182,7168	-1	-0,3609295	False
69,39948	-23,42952	182,8958	-0,5642702	-0,2156863	False
71,77132	-23,68954	183,1025	-0,2253692	-0,01234569	False
73,95618	-23,78255	183,2961	-0,002662801	0	False
76,00878	-23,85409	183,4861	0	0	False
77,97205	-23,92251	183,6764	0	0	False
79,83971	-23,9876	183,8663	0	0	False
81,73915	-24,05382	184,0622	0	-0,01234569	False
83,74329	-24,12368	184,2674	0	-0,01234569	False
85,49906	-24,18489	184,4471	0	-0,01234569	False
87,24131	-24,24563	184,6258	0	-0,01234569	False
89,00347	-24,30705	184,8042	0	-0,03171146	False
90,82829	-24,37047	184,9832	-0,002662801	-0,04139434	False
92,80824	-24,43779	185,1726	-0,03171146	-0,06076011	False
94,83546	-24,49377	185,3616	-0,04139434	-0,09949167	False
96,90653	-24,52865	185,5465	-0,04139434	-0,1091745	False
98,95659	-24,54201	185,7292	-0,02202857	-0,08980878	False
100,9536	-24,54344	185,9083	0	0	False
102,669	-24,54376	186,0685	0	0	False
104,353	-24,54407	186,2332	0	0	False
105,9849	-24,54435	186,4011	0	0	False
107,4296	-24,54459	186,5571	0	0	False
108,8112	-24,54081	186,7142	-0,1188574	0	False
110,2102	-24,4976	186,883	-0,2253692	0	False
111,4171	-24,39981	187,0376	-0,2156863	0	False
112,4818	-24,2649	187,1837	-0,1866376	0	False
113,5436	-24,08752	187,3405	-0,1672719	0	False
114,5331	-23,88602	187,4987	-0,04139434	0	False
115,4173	-23,69499	187,6515	0	0	False
116,1866	-23,52874	187,7972	0	0	False
116,9159	-23,37115	187,9407	0	-0,01234569	False
117,6684	-23,20954	188,0856	0,070443	-0,01234569	False
118,3987	-23,06693	188,2254	0,2931494	-0,01234569	False
119,1733	-22,96262	188,3727	0,5158557	-0,01234569	False
119,9113	-22,93667	188,512	0,6320504	-0,01234569	False
120,684	-23,00986	188,6585	1	-0,01234569	False
121,536	-23,26753	188,813	1	-0,070443	False
122,3523	-23,71507	188,9579	1	-0,09949167	False
123,111	-24,31483	189,1042	0,5545873	-0,09949167	False
123,788	-24,99192	189,2486	0,5449044	-0,09949167	False
124,3891	-25,74339	189,3942	0,5739531	-0,09949167	False
124,903	-26,56745	189,5412	0,6030017	-0,09949167	False
125,3272	-27,48782	189,6942	0,6030017	-0,09949167	False
125,6413	-28,50362	189,8553	0,6030017	-0,09949167	False
125,8144	-29,50849	190,0087	0,409344	-0,1091745	False
125,9057	-30,67412	190,165	0,1769547	-0,1963205	False
125,9709	-32,06879	190,3313	0	-0,235052	False
126,0365	-33,49895	190,4908	0	-0,2641007	False
126,1093	-35,08524	190,6582	0	-0,2931494	False
126,1775	-36,56927	190,814	0	-0,2931494	False
126,2506	-38,16275	190,9818	0	-0,2931494	False
126,3185	-39,64047	191,1372	0	-0,2931494	False
126,3818	-41,0199	191,2822	0	-0,2931494	False
126,4447	-42,39109	191,426	0	-0,2931494	False
126,5085	-43,78024	191,5721	0	-0,2931494	False
126,5766	-45,26838	191,7286	0,03171146	-0,2931494	False
126,6358	-46,74651	191,8842	0,070443	-0,2931494	False
126,672	-48,12584	192,0289	0,070443	-0,2931494	False
126,689	-49,51166	192,1743	0,01234569	-0,2931494	False
126,6978	-50,89228	192,3196	0	-0,2641007	False
126,7062	-52,23468	192,4609	0	-0,08980878	False
126,7146	-53,57965	192,6066	0	0	False
126,7222	-54,78944	192,7449	0	0	False
126,7303	-56,07622	192,9002	0	0	False
126,7374	-57,21757	193,0462	0	0	False
126,7441	-58,27667	193,1908	0	0	False
126,7503	-59,27071	193,3365	0	0	False
126,756	-60,1832	193,4799	0	0	False
126,7614	-61,04668	193,6267	0	0	False
126,7669	-61,91118	193,7721	0	-0,06076011	False
126,7743	-63,09028	193,918	0	-0,235052	False
126,7827	-64,43781	194,0614	0	-0,2641007	False
126,7884	-65,81526	194,2063	0,09949167	-0,2641007	False
126,7606	-67,19564	194,3517	0,3028322	-0,2641007	False
126,6436	-68,59608	194,5003	0,5642702	-0,2544178	False
126,3728	-69,97382	194,6478	0,6320504	-0,2544178	False
125,9135	-71,2999	194,7962	1	-0,2544178	False
125,0613	-72,70299	194,9696	1	-0,2544178	False
123,5288	-74,13646	195,1914	1	-0,2544178	False
121,1808	-75,15659	195,4628	1	-0,2544178	False
118,6038	-75,40594	195,7303	0,2253692	-0,3609295	False
115,3507	-75,45358	195,9973	0	-0,4383927	False
112,0653	-75,50033	196,2655	0	-0,4383927	False
108,7015	-75,5482	196,5406	0	-0,322198	False
105,4999	-75,59377	196,8023	0	-0,1963205	False
102,235	-75,64024	197,0698	0	-0,04139434	False
98,6414	-75,69138	197,3381	0	-0,2253692	False
94,62262	-75,74859	197,6061	0	-0,235052	False
90,62023	-75,80555	197,8731	0	-0,01234569	False
86,65762	-75,86196	198,1418	0	0	False
82,57014	-75,92014	198,4162	0	-0,235052	False
78,63971	-75,97609	198,678	0	-0,235052	False
74,6304	-76,03317	198,9453	0	-0,235052	False
70,59255	-76,09067	199,2143	0	-0,235052	False
66,58164	-76,14717	199,482	0,002662801	-0,235052	False
62,56234	-76,18389	199,7499	0,08980878	-0,235052	False
58,54089	-76,10451	200,0181	0,002662801	-0,1672719	False
54,44846	-75,97269	200,2914	0	-0,1091745	False
50,51131	-75,84589	200,5544	0	-0,08980878	False
46,5507	-75,71835	200,8218	0	0	False
42,92532	-75,60161	201,0746	0	0	False
39,29784	-75,4848	201,3238	0	-0,1382232	False
35,27233	-75,35516	201,5923	0	-0,1285403	False
31,16555	-75,22295	201,8664	-0,002662801	-0,002662801	False
27,64049	-75,1115	202,1059	-0,002662801	0	False
24,20959	-75,01716	202,3471	-0,070443	0	False
21,36925	-74,98968	202,5533	-0,04139434	0	False
18,56178	-74,99409	202,765	0	0	False
15,72745	-74,99989	202,9844	0	-0,03171146	False
12,92714	-75,00561	203,1893	0	-0,002662801	False
10,21719	-75,01113	203,3917	0	0	False
7,642827	-75,01638	203,5916	0	0	False
5,421957	-75,02092	203,7703	0	0	False
3,078777	-75,02568	203,9667	0	0	False
0,9823	-75,02995	204,1498	0	0	False
-0,9920374	-75,03398	204,3293	0	0	False
-2,887727	-75,03825	204,5096	-0,04139434	0	False
-4,660204	-75,05789	204,6864	-0,09949167	0	False
-6,476457	-75,12679	204,8769	-0,1382232	0	False
-8,14003	-75,244	205,0614	-0,01234569	0	False
-9,627424	-75,36231	205,2351	0	0	False
-11,06536	-75,47685	205,4127	0	0	False
-12,42732	-75,58534	205,5917	0	0	False
-13,74976	-75,68642	205,7701	0,1188574	-0,03171146	False
-15,20348	-75,73617	205,9599	0,5158557	-0,03171146	False
-17,40606	-75,46597	206,2162	0,6030017	-0,157589	False
-19,88543	-74,51549	206,4923	1	-0,1672719	False
-21,78336	-72,82156	206,756	1	-0,1672719	False
-23,02309	-70,30378	207,0466	1	-0,1672719	False
-23,25978	-67,42831	207,3376	0,409344	-0,1866376	False
-23,07266	-64,66603	207,6076	0	0	False
-22,87749	-61,9988	207,8737	0	0	False
-22,69034	-59,44099	208,1417	-0,002662801	0	False
-22,5175	-57,01533	208,4093	-0,02202857	0,4383927	False
-22,39623	-54,90459	208,684	-0,1382232	1	False
-22,37823	-53,51797	208,9448	-0,03171146	1	False
-22,38551	-52,61772	209,2126	0	0	False
-22,3916	-51,87439	209,4824	0	0	False
19,5	33,74162	209,747	0	0	False
19,5	33,74162	210,0145	0	0	False
19,5	33,74162	210,2829	0	0	False
19,5	33,74162	210,5509	0	0	False
19,49998	34,35239	210,8306	0	-0,2253692	False
19,49998	35,28493	211,0976	0	-0,235052	False
19,50268	36,2294	211,3677	0,2156863	-0,235052	False
19,57989	37,1629	211,6349	0,5061729	-0,235052	False
19,81538	38,03465	211,8913	0,6804648	-0,235052	False
20,18983	38,68161	212,1044	1	-0,235052	False
20,93162	39,34537	212,3486	0,5933188	-0,2834665	False
22,11431	39,99831	212,5955	0,3899783	-0,409344	False
23,80349	40,62907	212,864	0,5158557	-0,4480756	False
25,72573	40,94841	213,1543	0,4868071	-0,4480756	False
27,54545	40,92854	213,4226	0,09949167	-0,4577585	False
29,38425	40,8316	213,6899	0	-0,4771242	False
31,34367	40,72808	213,9577	0	-0,4577585	False
33,33541	40,62283	214,2257	0	-0,4383927	False
35,36477	40,5156	214,5004	0	0	False
37,29936	40,41339	214,7741	-0,002662801	0	False
39,06167	40,32581	215,0413	-0,08980878	0	False
40,81	40,28665	215,31	-0,04139434	-0,06076011	False
42,62238	40,27951	215,5656	0	-0,03171146	False
44,43914	40,27322	215,8226	0	0	False
46,27413	40,26686	216,0966	0	0	False
47,84082	40,26143	216,3479	0	0	False
49,11795	40,257	216,5702	0	0	False
50,413	40,25251	216,8169	0	0	False
51,69829	40,24805	217,0851	0	0	False
52,80566	40,24454	217,3318	-0,070443	-0,070443	False
54,19128	40,2793	217,5426	-0,3125151	-0,1963205	False
55,92866	40,50721	217,7879	-0,5158557	-0,1866376	False
57,75923	41,13674	218,056	-1	-0,1963205	False
59,12191	42,18667	218,2926	-1	-0,1866376	False
60,07212	43,44616	218,5096	-0,4674413	-0,1382232	False
61,00907	45,198	218,7827	-0,2544178	-0,08980878	False
61,86866	47,26477	219,0515	-0,1479061	-0,2544178	False
62,83937	50,04671	219,3202	-0,2060034	-0,3609295	False
63,59962	52,98104	219,5877	-0,4287098	-0,322198	False
63,91425	55,99561	219,8557	-0,3125151	-0,157589	False
63,92425	59,02414	220,1234	0	-0,04139434	False
63,9135	62,10382	220,3977	0	0	False
63,90359	64,94154	220,6595	0	0	False
63,89392	67,71626	220,9276	0	0	False
63,88428	70,47646	221,1959	0	-0,1091745	False
63,87269	73,79363	221,453	0	-0,2253692	False
63,86186	76,89318	221,6879	0	-0,2253692	False
63,85006	80,26753	221,9438	0	-0,2253692	False
63,83823	83,65351	222,2005	0	-0,157589	False
63,82599	87,15585	222,4695	0	0	False
63,81422	90,51968	222,7378	0	0	False
63,80295	93,74385	223,0051	0	0	False
63,79211	96,84474	223,2728	0	0	False
63,78209	99,70811	223,531	0	0	False
63,773	102,3071	223,7755	0	0	False
63,76345	105,0401	224,0451	0	0	False
63,75478	107,5194	224,3015	0	0	False
63,74833	109,3637	224,5024	0	0	False
63,74178	111,2317	224,7245	0	1	False
63,73581	112,9354	224,993	0	1	False
63,7322	113,9654	225,2411	0	0,3899783	False
63,72951	114,7366	225,4626	0	-0,1382232	False
63,72498	116,0291	225,6972	0	-0,1672719	False
63,71976	117,517	225,9643	0	-0,1672719	False
63,71458	118,9957	226,2124	0	-0,1963205	False
63,72359	120,1949	226,4125	0,235052	-0,1091745	False
63,84665	121,5814	226,6457	0,5933188	-0,1091745	False
64,30365	123,1099	226,9131	1	-0,1091745	False
65,10851	124,2601	227,1488	1	-0,1091745	False
65,98696	124,9453	227,3355	1	-0,1091745	False
67,05634	125,4477	227,5217	0,4868071	-0,1672719	False
68,56875	125,9289	227,7533	0,1672719	-0,1672719	False
70,41943	126,368	228,0201	0,235052	0	False
71,89582	126,5967	228,2233	0,322198	-0,1285403	False
73,68816	126,7313	228,4026	0,157589	-0,235052	False
75,63602	126,8021	228,5899	0	-0,235052	False
77,28073	126,8553	228,7481	0	-0,1963205	False
79,06997	126,9133	228,9204	0	-0,1382232	False
80,80349	126,9694	229,0873	0	-0,1382232	False
82,41926	127,0217	229,2429	0	-0,1382232	False
83,9495	127,0713	229,3903	0	-0,1382232	False
85,38793	127,1178	229,5286	0	-0,1382232	False
86,89865	127,1667	229,6742	0	-0,04139434	False
88,48964	127,2182	229,8284	0	0	False
89,93697	127,2651	229,9745	0	0	False
91,30128	127,3093	230,1193	0	0	False
92,61054	127,3515	230,2657	0,002662801	0	False
93,82813	127,3889	230,4093	0,05107722	0	False
94,99216	127,4144	230,5553	0,070443	0	False
96,08105	127,4228	230,7004	0,070443	0	False
97,09902	127,4175	230,8454	0	0	False
98,37856	127,407	231,0018	0	-0,1963205	False
99,8513	127,3949	231,1469	0	-0,235052	False
101,3286	127,3828	231,2915	0	-0,235052	False
102,7694	127,371	231,4327	0	-0,08980878	False
104,2398	127,3589	231,5779	0	0	False
105,593	127,3478	231,7165	0	0	False
106,9638	127,3366	231,864	0	0	False
108,2229	127,3262	232,0067	0	0	False
109,4395	127,3162	232,1528	0	0	False
110,5715	127,307	232,2975	0	0	False
111,6398	127,2982	232,4427	0	0	False
112,6444	127,2899	232,5883	0	0	False
113,5699	127,2824	232,7332	0	0	False
114,4288	127,2753	232,8786	0	0	False
115,2127	127,2689	233,0229	0	0	False
115,9445	127,2629	233,1685	0	-0,01234569	False
116,9077	127,2549	233,3079	0,02202857	-0,1672719	False
117,9887	127,2336	233,455	0,2156863	-0,1672719	False
119,0107	127,1698	233,5937	0,3415638	-0,1672719	False
120,1061	127,0189	233,7441	0,5449044	-0,1672719	False
121,1216	126,7613	233,8863	1	-0,1672719	False
122,0956	126,3308	234,0299	1	-0,1866376	False
123,2907	125,4235	234,2267	1	-0,1866376	False
124,3968	123,8417	234,4802	1	-0,1866376	False
124,9282	121,7787	234,7504	0,5255386	-0,2156863	False
125,0584	119,3596	235,0227	0	-0,2931494	False
125,154	116,5114	235,2836	0	-0,5061729	False
125,2753	112,8993	235,5522	0	-0,5449044	False
125,3975	109,2585	235,8228	0	-0,5352215	False
125,5173	105,688	236,0881	0	-0,5352215	False
125,6379	102,0934	236,3555	0	-0,5352215	False
125,7589	98,49027	236,623	0	-0,5352215	False
125,8839	94,76446	236,9002	0	-0,5352215	False
125,9987	91,2754	237,1593	0,03171146	-0,5352215	False
126,0878	87,67944	237,4267	0,03171146	-0,3609295	False
126,1375	84,02484	237,6968	0,03171146	-0,3512467	False
126,1539	79,94323	237,9754	0	-0,4577585	False
126,1665	75,94872	238,2423	0	0	False
126,1789	72,03389	238,5109	0	0	False
126,1911	68,17696	238,7849	0	0	False
126,2025	64,58094	239,046	0	-0,06076011	False
126,2152	60,5498	239,3147	0	-0,2156863	False
126,228	56,50848	239,5842	0	-0,2156863	False
126,2407	52,50832	239,8508	0	-0,2156863	False
126,2534	48,5019	240,118	0	-0,1866376	False
126,2661	44,47169	240,3868	0	-0,1672719	False
126,2792	40,33157	240,663	0	-0,1382232	False
126,2915	36,45528	240,9221	0	0	False
126,3038	32,54108	241,1904	0	0	False
126,3157	28,79486	241,4559	0	0	False
126,3254	25,41114	241,7045	0,06076011	0	False
126,2809	22,33031	241,9506	0,1769547	1	False
126,0907	19,69685	242,2139	0,3512467	1	False
125,725	17,72092	242,4749	0,3899783	1	False
125,2908	16,34212	242,7462	0,08980878	0,6126846	False
124,7034	14,71423	243,0112	0,002662801	-0,3609295	False
123,7488	12,15101	243,28	0,2737836	-0,2156863	False
122,5048	9,721672	243,5486	0,6417332	-0,01234569	False
120,361	7,451667	243,8248	1	-0,1285403	False
117,5527	6,170681	244,0862	1	-0,1382232	False
114,3089	5,95261	244,3542	0,6707819	-0,1382232	False
111,0537	6,558499	244,6241	0,3512467	-0,157589	False
107,89	7,579071	244,8901	0	-0,157589	False
104,7314	8,625207	245,1587	0	0	False
101,6856	9,592405	245,4262	-0,3125151	0	False
98,60398	10,21163	245,7009	-0,3706124	0	False
95,74227	10,4224	245,9621	0	0	False
92,93388	10,57555	246,2298	0	0	False
90,23839	10,72238	246,4991	-0,002662801	0	False
87,69417	10,85987	246,7661	0	0	False
85,27018	10,99084	247,0338	-0,002662801	0	False
82,99621	11,11232	247,3021	-0,002662801	0,5352215	False
80,96274	11,21856	247,5759	-0,02202857	0	False
79,16312	11,30065	247,8381	-0,03171146	0	False
77,44898	11,35462	248,1064	-0,06076011	0	False
75,50021	11,37107	248,3746	-0,04139434	-0,235052	False
72,83063	11,34611	248,6411	-0,1188574	-0,2834665	False
70,09911	11,12835	248,9095	-0,5642702	-0,235052	False
67,48587	10,32558	249,1783	-1	-0,2156863	False
65,29379	8,633559	249,451	-1	-0,1963205	False
63,80322	6,421791	249,713	-0,4868071	-0,157589	False
62,81189	4,220973	249,9498	-0,3609295	-0,1285403	False
62,16325	2,155643	250,1603	-0,4287098	-0,1091745	False
61,77013	0,02484897	250,372	-0,2834665	0	False
61,57906	-1,933425	250,5727	-0,05107722	0	False
61,44534	-3,706609	250,7641	0	0	False
61,31131	-5,492317	250,9525	0	-0,1866376	False
61,11478	-8,110683	251,1553	0	-0,3125151	False
60,91619	-10,75661	251,3515	0	-0,3125151	False
60,73842	-13,21612	251,5333	-0,09949167	-0,3125151	False
60,61607	-15,63411	251,7124	-0,1672719	-0,2931494	False
60,58655	-17,91212	251,8809	-0,157589	-0,2641007	False
60,6404	-20,30478	252,058	-0,002662801	-0,2156863	False
60,71542	-22,57055	252,2256	0	-0,1672719	False
60,79055	-24,83878	252,3932	0	-0,1285403	False
60,86072	-26,95728	252,5503	0	-0,070443	False
60,9403	-29,36031	252,7283	0	-0,06076011	False
61,01056	-31,48178	252,8865	0	0	False
61,08225	-33,64563	253,0523	0	0	False
61,14783	-35,62505	253,21	0	0	False
61,21769	-37,73324	253,3848	0	0	False
61,28098	-39,64327	253,55	0	0,1382232	False
61,33546	-41,2875	253,7061	0,002662801	1	False
61,37628	-42,69254	253,878	0,05107722	1	False
61,3961	-43,73661	254,0577	0,002662801	1	False
61,40487	-44,28019	254,2146	0	0,4771242	False
61,41076	-44,64642	254,3724	0	0	False
61,41593	-44,96798	254,5483	0	0	False
61,41938	-45,18319	254,7064	0	0	False
19,5	33,74163	254,9296	0	0	False
19,5	33,74163	255,1984	0	0	False
19,5	33,74163	255,4657	0	0	False
19,5	33,74163	255,734	0	0	False
19,5	33,99828	256,0028	0	-0,1672719	False
19,49998	34,82711	256,2702	0	-0,2156863	False
19,50001	35,68766	256,5387	0	-0,2156863	False
19,50007	36,60006	256,8065	-0,002662801	-0,2544178	False
19,47712	37,66084	257,0749	-0,3415638	-0,2931494	False
19,29071	38,8648	257,3422	-0,6030017	-0,3125151	False
18,74516	40,16767	257,6177	-1	-0,3512467	False
17,81259	41,16958	257,8787	-0,6804648	-0,3512467	False
16,61043	41,90001	258,1465	-0,3512467	-0,2544178	False
15,27204	42,46045	258,4154	-0,3415638	-0,2641007	False
14,00377	42,81962	258,6597	-0,235052	-0,2253692	False
12,76431	43,06915	258,8946	-0,0801259	-0,1285403	False
11,51701	43,28121	259,1299	-0,04139434	-0,1091745	False
10,27195	43,47244	259,3495	-0,1091745	-0,1382232	False
8,830714	43,64408	259,5993	-0,1479061	-0,1382232	False
7,664147	43,72977	259,8005	-0,1479061	-0,1382232	False
6,10864	43,78037	260,0683	-0,01234569	-0,1382232	False
4,520216	43,81326	260,337	0	-0,1382232	False
2,994315	43,84476	260,5933	0	-0,1091745	False
1,537541	43,87486	260,8383	0	-0,03171146	False
0,202698	43,9019	261,0633	-0,002662801	-0,01234569	False
-0,9893471	43,92368	261,2641	-0,05107722	-0,002662801	False
-2,175417	43,93134	261,4639	-0,06076011	-0,002662801	False
-3,412118	43,91808	261,6765	-0,06076011	0	False
-4,493961	43,88749	261,8786	-0,06076011	0	False
-5,473153	43,84307	262,0799	-0,06076011	0	False
-6,311728	43,79099	262,2694	-0,05107722	-0,002662801	False
-7,328379	43,71392	262,4574	0	-0,1091745	False
-8,588635	43,61504	262,6585	0	-0,157589	False
-9,928561	43,50988	262,8604	0	-0,1382232	False
-11,26117	43,4053	263,0614	0	-0,070443	False
-12,57716	43,30202	263,2618	0	0	False
-13,75484	43,21334	263,4532	0,1479061	0	False
-14,93692	43,17734	263,6611	0,3996611	0	False
-15,93782	43,24969	263,8542	0,4674413	0	False
-17,17806	43,52596	264,1227	0,4287098	0	False
-18,23433	43,94764	264,39	0,4287098	0	False
-19,06795	44,44449	264,6475	0,5255386	0	False
-20,02189	45,31699	264,9159	0,5158557	-0,2253692	False
-21,10422	46,7204	265,1631	0,5061729	-0,2544178	False
-21,93286	48,36273	265,4184	0,5255386	-0,2544178	False
-22,4611	50,21922	265,6864	0,5158557	-0,2544178	False
-22,64266	52,14495	265,9549	0,2253692	-0,2544178	False
-22,65662	54,12142	266,2289	0	-0,2544178	False
-22,65996	56,00849	266,4905	0	-0,2544178	False
-22,66336	57,93522	266,7575	0	-0,2544178	False
-22,66639	59,64651	266,9946	0	-0,2544178	False
-22,66935	61,31789	267,2265	0	-0,2544178	False
-22,67238	63,03178	267,4641	0	-0,2544178	False
-22,67522	64,63129	267,6859	0	-0,2544178	False
-22,67816	66,27779	267,911	0	-0,2931494	False
-22,68187	68,35527	268,1607	0	-0,3609295	False
-22,68573	70,51626	268,3999	0	-0,3512467	False
-22,68979	72,79723	268,6469	0	-0,2544178	False
-22,69383	75,05782	268,8928	0	0	False
-22,69735	77,02267	269,1161	0	0	False
-22,70085	78,97466	269,3505	0	0	False
-22,70444	80,9706	269,5645	0	-0,09949167	False
-22,70806	82,98468	269,7742	0	-0,09949167	False
-22,71154	84,92197	269,9761	0	-0,09949167	False
-22,71538	87,06438	270,1991	0	-0,09949167	False
-22,71906	89,12025	270,413	0	-0,03171146	False
-22,7225	91,03391	270,6129	0	0	False
-22,72603	92,99824	270,8254	0	0	False
-22,73059	95,53979	271,1158	0	0	False
-22,73762	99,45136	271,5194	0	-0,08980878	False
-22,74468	103,3817	271,9162	0	-0,08980878	False
-22,74932	105,9636	272,1772	0	-0,070443	False
-22,75406	108,6006	272,4443	0	0	False
-22,75865	111,1561	272,7128	0	0	False
-22,76298	113,5699	272,9807	0	0	False
-22,76675	115,6757	273,2264	0	0	False
-22,76966	117,298	273,4274	0	0	False
-22,76828	119,1436	273,6713	0,1866376	0	False
-22,6346	121,0869	273,946	0,5545873	0	False
-22,28585	122,4982	274,1651	0,6514161	0	False
-21,88639	123,3723	274,3217	1	0	False
-21,09174	124,3718	274,5106	1	-0,1382232	False
-19,88832	125,2955	274,6902	0,6223675	-0,1963205	False
-18,06197	126,2325	274,9231	0,4480756	-0,2253692	False
-15,69675	126,9811	275,1926	0,5352215	-0,2253692	False
-13,2021	127,2487	275,4651	0,4577585	-0,2253692	False
-10,73932	127,116	275,728	0	-0,2641007	False
-7,897553	126,8859	276,0148	0	-0,2834665	False
-5,189114	126,6666	276,2761	-0,03171146	-0,3125151	False
-2,276946	126,4796	276,5434	-0,1963205	-0,322198	False
0,1798952	126,4577	276,7675	-0,1188574	-0,2931494	False
3,111724	126,5302	277,0355	0	-0,2156863	False
6,049818	126,6071	277,304	0	-0,1285403	False
8,738916	126,6774	277,5501	0	-0,1091745	False
11,12357	126,7398	277,7683	0	-0,1091745	False
13,97684	126,8145	278,0294	0	-0,1091745	False
16,89064	126,8907	278,2961	0	-0,1091745	False
19,35575	126,9552	278,5217	0,002662801	-0,1091745	False
21,78449	127,0125	278,7439	0,02202857	-0,09949167	False
24,70787	127,0625	279,0117	0	-0,002662801	False
27,96044	127,1143	279,2787	0	-0,1672719	False
30,82572	127,16	279,493	0	-0,01234569	False
33,58068	127,2039	279,7027	0	0	False
36,9923	127,2582	279,9722	0	0	False
40,26188	127,3102	280,2406	0	0	False
42,76097	127,35	280,4539	0	0	False
45,09914	127,3872	280,6634	0	0,7966594	False
47,63611	127,4276	280,9328	0	1	False
49,4665	127,4568	281,1894	0	0	False
50,69645	127,4722	281,3914	0,09949167	0	False
51,9836	127,4523	281,62	0,157589	-0,03171146	False
53,80347	127,3282	281,8845	0,157589	-0,1091745	False
55,83537	127,0508	282,1755	0,3802953	-0,1091745	False
57,67978	126,5061	282,4483	0,6126846	-0,1091745	False
59,31584	125,5096	282,7212	1	-0,1091745	False
60,50458	123,9288	283,0031	1	-0,1091745	False
61,03064	122,0466	283,2712	0,4868071	-0,1285403	False
61,21577	119,7337	283,5391	0	-0,235052	False
61,37452	117,0788	283,8187	0	-0,235052	False
61,53352	114,4199	284,0984	0	-0,235052	False
61,68549	111,8783	284,3659	0	-0,2253692	False
61,83791	109,3299	284,6339	0	-0,2253692	False
61,98361	106,7178	284,9091	0,1091745	-0,2253692	False
62,0385	104,2338	285,1692	0,1285403	-0,235052	False
61,99237	101,6404	285,4377	0	-0,2253692	False
61,93111	99,04489	285,7064	0	-0,2253692	False
61,87019	96,46331	285,9737	0	-0,2253692	False
61,80918	93,87852	286,2413	0	-0,2253692	False
61,74794	91,28378	286,5099	0	-0,2253692	False
61,68176	88,4801	286,7859	0	-0,2931494	False
61,61436	85,62464	287,0463	0	-0,322198	False
61,54137	82,53258	287,314	0	-0,3512467	False
61,46795	79,42292	287,5837	0	-0,070443	False
61,38761	76,00881	287,8504	-0,002662801	-0,2834665	False
61,30444	71,9949	288,1181	-0,04139434	-0,3318809	False
61,27633	67,97357	288,3862	-0,04139434	-0,3318809	False
61,28883	63,87172	288,6602	0	-0,01234569	False
61,30176	60,01996	288,9215	0	0	False
61,31458	56,20196	289,1893	0	0	False
61,327	52,50282	289,4579	0	0	False
61,33914	48,8968	289,7253	0	-0,06076011	False
61,35232	44,97633	289,9933	0	-0,09949167	False
61,3656	41,02744	290,2615	0	-0,01234569	False
61,37901	37,04265	290,5359	0	0	False
61,3915	33,32922	290,7991	0	0	False
61,40368	29,70376	291,0652	0	0	False
61,4153	26,24207	291,3338	0	1	False
61,42493	23,37263	291,602	0	1	False
61,43238	21,14853	291,8695	0	1	False
61,43662	19,40316	292,1369	0,05107722	0	False
61,4115	17,86475	292,3936	0,1382232	0	False
61,30835	16,32703	292,6618	0,2834665	-0,04139434	False
60,92563	14,27693	292,9297	0,4577585	-0,235052	False
60,05958	11,94814	293,2043	0,6417332	-0,235052	False
58,67585	10,01157	293,4683	1	-0,235052	False
56,67894	8,688322	293,7343	1	-0,235052	False
54,30833	8,178667	294,0034	0,6707819	-0,235052	False
51,87328	8,362713	294,2717	0,1866376	-0,235052	False
49,09898	8,77619	294,5385	0	-0,3318809	False
46,16608	9,214104	294,8078	0	-0,3802953	False
42,95301	9,679714	295,0865	-0,1382232	-0,4383927	False
39,67524	9,988408	295,3452	-0,2834665	-0,4383927	False
36,26786	10,00144	295,6111	-0,002662801	-0,2641007	False
32,77501	9,923174	295,8851	0	0	False
29,53839	9,850602	296,1473	0	0	False
26,35764	9,781812	296,4154	0,06076011	0	False
23,299	9,773569	296,6836	0,08980878	0	False
20,24024	9,865938	296,9581	0,01234569	-0,01234569	False
17,38325	9,990105	297,2193	0	0	False
14,57691	10,11213	297,4879	0	0	False
11,89951	10,22854	297,7563	0	0	False
9,360168	10,33896	298,024	0	0	False
6,951554	10,44369	298,2913	-0,002662801	0	False
4,649696	10,54255	298,559	-0,002662801	-0,002662801	False
2,290747	10,64147	298,8343	-0,002662801	-0,01234569	False
-0,05358826	10,73628	299,0844	-0,01234569	-0,08980878	False
-2,318439	10,81937	299,3142	-0,01234569	-0,002662801	False
-4,420015	10,88885	299,5327	-0,002662801	0	False
-6,357277	10,95037	299,7444	-0,002662801	0	False
-8,154792	11,00605	299,9518	-0,002662801	0	False
-9,841311	11,05625	300,1575	-0,04139434	0	False
-11,39201	11,07969	300,3583	-0,2544178	0	False
-12,84652	11,01449	300,5594	-0,3028322	0	False
-14,35536	10,81269	300,7717	-0,3028322	-0,070443	False
-16,56406	10,29726	300,9961	-0,3512467	-0,3125151	False
-18,79467	9,523097	301,1971	-0,5449044	-0,3318809	False
-21,03828	8,303004	301,414	-1	-0,3318809	False
-22,69187	6,691086	301,6103	-1	-0,2931494	False
-23,91017	4,532366	301,8217	-1	-0,2253692	False
-24,57826	2,04664	302,041	-0,4868071	-0,070443	False
-24,84998	-0,1682829	302,2345	-0,1188574	0	False
-25,0346	-2,259866	302,4246	0	0	False
-25,20954	-4,272388	302,616	-0,002662801	0	False
-25,37298	-6,284119	302,8161	-0,070443	0	False
-25,51021	-8,618878	303,0175	-0,1769547	-0,1672719	False
-25,54811	-10,82761	303,196	-0,1769547	-0,157589	False
-25,49086	-13,29316	303,3954	-0,04139434	-0,09949167	False
-25,4112	-15,54496	303,5774	0	-0,08980878	False
-25,32311	-18,03487	303,7762	0	-0,1091745	False
-25,23529	-20,51656	303,9722	0	-0,1091745	False
-25,1572	-22,72332	304,1466	0	-0,09949167	False
-25,08241	-24,83686	304,3134	0	-0,09949167	False
-25,00704	-26,96652	304,4821	0	-0,09949167	False
-24,93162	-29,09794	304,6501	0,002662801	-0,09949167	False
-24,86083	-31,20394	304,8169	0,04139434	-0,09949167	False
-24,81097	-33,28623	304,9815	0,08980878	-0,09949167	False
-24,80315	-35,41154	305,1494	0,1091745	-0,09949167	False
-24,84681	-37,5246	305,3163	0,04139434	-0,03171146	False
-24,90554	-39,48241	305,4733	0	0	False
-24,96598	-41,49562	305,6416	0	0	False
-25,02355	-43,41363	305,8083	0	0	False
-25,07615	-45,16588	305,9769	0	1	False
-25,11718	-46,53275	306,1448	0	1	False
-25,14643	-47,50665	306,3185	0	1	False
-25,16438	-48,10461	306,4855	0	0,157589	False
-25,1779	-48,5544	306,6436	0	0	False
-25,18907	-48,92607	306,8003	0	0	False
-25,19851	-49,24003	306,9664	0	0	False
-25,20556	-49,47437	307,1331	0	0	False
-25,21018	-49,62776	307,3	0	0	False
-25,21236	-49,69995	307,4569	0	0	False
-25,21261	-49,70787	307,6235	0	0	False
-25,21263	-49,70787	307,7856	0	0	False
-25,21264	-49,70787	307,9417	0	0	False
-25,21264	-49,70787	308,0977	0	0	False
19,5	33,74162	308,2894	0	0	False
19,5	33,74163	308,5646	0	0	False
19,5	33,74163	308,8249	0	0	False
19,5	33,74163	309,0927	0	0	False
19,5	33,74163	309,361	0	0	False
19,5	33,74163	309,629	0	0	False
19,5	33,74163	309,8972	0	0	False
19,5	33,74163	310,1327	0	0	False
19,5	33,74163	310,2751	0	0	False
19,5	33,74163	310,4342	0	0	False
19,5	33,74163	310,7021	0	0	False
19,5	33,74163	310,9705	0	0	False
19,5	33,74163	311,2382	0	0	False
19,5	33,74163	311,5063	0	0	False
19,5	33,74163	311,7741	0	0	False
19,5	33,74163	312,0425	0	0	False
19,5	33,74163	312,3101	0	0	False
19,5	33,74163	312,5783	0	0	False
19,5	33,74163	312,8464	0	0	False
19,5	33,74163	313,1146	0	0	False
19,5	33,74163	313,3596	0	0	False
19,5	33,74163	313,5055	0	0	False
19,5	33,74163	313,6589	0	0	False
19,5	33,74163	313,7985	0	0	False
19,5	33,74163	313,9509	0	0	False
19,5	33,74163	314,0851	0	0	False
19,5	33,74163	314,2302	0	0	False
19,5	33,74163	314,3649	0	0	False
19,5	33,74163	314,5019	0	0	False
19,5	33,74163	314,6451	0	0	False
19,5	33,74163	314,7785	0	0	False
19,5	33,74163	314,9239	0	0	False
19,5	33,74163	315,059	0	0	False
19,5	33,74163	315,202	0	0	False
19,5	33,74163	315,3382	0	0	False
19,5	33,74163	315,4843	0	0	False
19,5	33,74163	315,6295	0	0	False
19,5	33,74163	315,7724	0	0	False
19,5	33,74163	315,9174	0	0	False
19,5	33,74163	316,051	0	0	False
19,5	33,74163	316,1852	0	0	False
19,5	33,74163	316,3191	0	0	False
19,5	33,74163	316,4523	0	0	False
19,5	33,74163	316,5868	0	0	False
19,5	33,74163	316,7215	0	0	False
19,5	33,74163	316,8565	0	0	False
19,5	33,74163	316,9884	0	0	False
19,5	33,74163	317,1231	0	0	False
19,5	33,74163	317,2568	0	0	False
19,5	33,74163	317,3904	0	0	False
19,5	33,74163	317,5266	0	0	False
19,5	33,74163	317,6631	0	0	False
19,5	33,74163	317,8044	0	0	False
19,5	33,74163	317,9386	0	0	False
19,5	33,74163	318,0728	0	0	False
19,5	33,74163	318,2062	0	0	False
19,5	33,74163	318,3404	0	0	False
19,5	33,74163	318,4735	0	0	False
19,5	33,74163	318,6084	0	0	False
19,5	33,74163	318,743	0	0	False
19,5	33,74163	318,8777	0	0	False
19,5	33,74163	319,01	0	0	False
19,5	33,74163	319,1438	0	0	False
19,5	33,74163	319,2794	0	0	False
19,5	33,74163	319,4232	0	0	False
19,5	33,74163	319,5575	0	0	False
19,5	33,74163	319,6923	0	0	False
19,5	33,74163	319,826	0	0	False
19,5	33,74163	319,9587	0	0	False
19,5	33,74163	320,0948	0	0	False
19,5	33,74163	320,2282	0	0	False
19,5	33,74163	320,3622	0	0	False
19,5	33,74163	320,4982	0	0	False
19,5	33,74163	320,6336	0	0	False
19,5	33,74163	320,7752	0	0	False
19,5	33,74163	320,9387	0	0	False
19,5	33,74163	321,1009	0	0	False
19,5	33,74163	321,2341	0	0	False
19,5	33,74163	321,3676	0	0	False
19,5	33,74163	321,5036	0	0	False
19,5	33,74163	321,6494	0	0	False
19,5	33,74163	321,8278	0	0	False
19,5	33,74163	321,9704	0	0	False
19,5	33,74163	322,1166	0	0	False
19,5	33,74163	322,2633	0	0	False
19,5	33,74163	322,4185	0	0	False
19,5	33,74163	322,5628	0	0	False
19,5	33,74163	322,7094	0	0	False
19,5	33,74163	322,8755	0	0	False
19,5	33,74163	323,0221	0	0	False
19,5	33,74163	323,1661	0	0	False
19,5	33,74163	323,3005	0	0	False
19,5	33,74163	323,4337	0	0	False
19,5	33,74163	323,5787	0	0	False
