19,5	33,74163	2,313129	0	0	False
19,5	33,74163	2,523218	0	0	False
19,5	33,74163	2,690691	0	0	False
19,5	33,74163	2,870083	0	0	False
19,5	33,74163	3,059982	0	0	False
19,5	33,74163	3,205256	0	0	False
19,5	33,74163	3,383961	0	0	False
19,5	33,74163	3,529724	0	0	False
19,5	33,74163	3,707566	0	0	False
19,5	33,74163	3,88753	0	0	False
19,5	33,74163	4,076487	0	0	False
19,5	33,74163	4,255024	0	0	False
19,5	33,74163	4,4006	0	0	False
19,5	33,74163	4,545012	0	0	False
19,5	33,74163	4,677342	0	0	False
19,5	33,74163	4,811695	0	0	False
19,5	33,74163	4,945668	0	0	False
19,5	33,74163	5,080306	0	0	False
19,5	33,74163	5,214252	0	0	False
19,5	33,74163	5,348078	0	0	False
19,5	33,74163	5,482447	0	0	False
19,5	33,7755	5,617566	0	-0,05107722	False
19,5	33,87852	5,751803	0	-0,05107722	False
19,5	34,14076	5,886024	0	-0,2931494	False
19,49998	34,77451	6,031584	0	-0,2931494	False
19,49998	35,3992	6,176191	0	-0,03171146	False
19,50001	36,05591	6,322016	0	-0,0801259	False
19,49912	36,8483	6,455678	-0,1091745	-0,2060034	False
19,47385	38,03012	6,613066	-0,2834665	-0,2544178	False
19,37633	39,22518	6,768834	-0,5836359	-0,2544178	False
18,95386	40,79951	6,981782	-1	-0,2060034	False
18,09198	42,1836	7,194752	-1	-0,2060034	False
16,65796	43,38217	7,438684	-1	-0,2060034	False
15,71231	43,80966	7,57227	-1	-0,235052	False
14,34616	44,11815	7,730498	-0,6804648	-0,3415638	False
12,45901	44,23602	7,919934	-0,2060034	-0,3609295	False
10,91022	44,24454	8,074562	0	-0,3609295	False
9,45058	44,24825	8,220335	0	-0,3609295	False
7,991087	44,25195	8,365836	0	-0,3609295	False
6,650289	44,25538	8,500037	0	-0,3609295	False
5,30889	44,25879	8,633615	0	-0,3609295	False
3,969934	44,26218	8,767308	0	-0,3609295	False
2,627906	44,26557	8,90182	0	-0,3609295	False
1,162641	44,26928	9,047732	0	-0,2544178	False
-0,1727261	44,27266	9,181596	0	-0,235052	False
-1,508922	44,27604	9,315255	0	-0,235052	False
-2,84635	44,27942	9,448758	0	-0,235052	False
-4,174018	44,28278	9,581944	0	-0,1382232	False
-5,607243	44,28641	9,725274	0	-0,1188574	False
-6,940642	44,28979	9,859435	0	0	False
-8,230453	44,29305	9,993081	0	0	False
-9,465876	44,29618	10,12807	0	0	False
-10,63926	44,29915	10,26413	0	0,6998306	False
-11,55897	44,30148	10,39671	0	1	False
-12,16922	44,30302	10,53059	0	1	False
-12,45702	44,30375	10,66495	0	1	False
-12,4818	44,30382	10,79924	0	0,8741225	False
-12,4818	44,30382	10,9331	0	0	False
-12,4818	44,30382	11,0659	0	0	False
-12,4818	44,30382	11,20005	0	0	False
-12,4818	44,30382	11,33539	0	0	False
-12,4818	44,30382	11,46901	0	0	False
-12,4818	44,30382	11,60269	0	0	False
-12,4818	44,30382	11,73692	0	0	False
-12,4818	44,30382	11,8705	0	0	False
-12,50664	44,30387	12,0047	0	-0,01234569	False
-12,82774	44,30466	12,13899	0	-0,322198	False
-13,47535	44,30629	12,27264	0	-0,322198	False
-14,12375	44,30793	12,40686	0	-0,322198	False
-14,77119	44,30917	12,54107	-0,070443	-0,322198	False
-15,41937	44,29949	12,67525	-0,235052	-0,322198	False
-16,33245	44,2454	12,80909	-0,3706124	-0,4771242	False
-17,36398	44,11121	12,95474	-0,4287098	-0,4771242	False
-18,38674	43,88489	13,10117	-0,5449044	-0,4771242	False
-19,3646	43,54704	13,24568	-0,6804648	-0,4771242	False
-20,2874	43,0792	13,39024	-0,6901477	-0,4771242	False
-21,07581	42,53504	13,52446	-0,6901477	-0,4771242	False
-21,77391	41,87775	13,65877	-1	-0,4771242	False
-22,36044	41,11414	13,79315	-0,6901477	-0,4771242	False
-22,87888	40,21391	13,93852	-0,5739531	-0,4771242	False
-23,26227	39,33744	14,072	-0,4190269	-0,4771242	False
-23,59964	38,34988	14,21819	-0,409344	-0,4771242	False
-23,83845	37,41909	14,35216	-0,3125151	-0,4771242	False
-24,02015	36,48329	14,48538	-0,2253692	-0,4771242	False
-24,16465	35,53159	14,62017	-0,1091745	-0,4771242	False
-24,29187	34,58434	14,75348	0	-0,4771242	False
-24,41812	33,63323	14,88757	0	-0,4771242	False
-24,59828	32,27599	15,07915	0	-0,4771242	False
-24,78724	30,8403	15,25631	-0,05107722	-0,5449044	False
-24,94868	29,47741	15,42426	-0,1769547	-0,5449044	False
-25,05453	27,56127	15,65922	-0,3415638	-0,5449044	False
-24,96046	25,55716	15,90469	-0,1188574	-0,5449044	False
-24,83615	24,10262	16,08329	0	-0,5449044	False
-24,74196	23,01605	16,21667	0	-0,5449044	False
-24,64732	21,92422	16,35051	0	-0,5449044	False
-24,55259	20,83143	16,48502	0	-0,5449044	False
-24,45112	19,62088	16,62981	0,070443	-0,5642702	False
-24,35886	18,31769	16,77527	0,08980878	-0,6030017	False
-24,29605	17,11609	16,90796	0,1382232	-0,6030017	False
-24,26292	15,90235	17,04253	0,1382232	-0,6030017	False
-24,26129	14,68339	17,17681	0,1382232	-0,6320504	False
-24,29156	13,32731	17,3109	0,04139434	-0,7191963	False
-24,33534	11,82478	17,44509	0	-0,6320504	False
-24,37914	10,32273	17,57923	0	-0,6030017	False
-24,42294	8,820849	17,71301	0	-0,6030017	False
-24,46665	7,320988	17,84697	0	-0,6030017	False
-24,5105	5,81645	17,9816	0	-0,6030017	False
-24,54821	4,32615	18,11469	-0,1091745	-0,6030017	False
-24,55956	2,82059	18,24886	-0,1769547	-0,6030017	False
-24,5255	1,321423	18,38299	-0,1188574	-0,5836359	False
-24,46191	-0,1762038	18,51696	0	-0,409344	False
-24,39687	-1,674488	18,65104	0	-0,322198	False
-24,3322	-3,16401	18,78498	0	-0,322198	False
-24,26732	-4,658189	18,91908	0	-0,1382232	False
-24,20379	-6,12171	19,05172	0	0	False
-24,14212	-7,542233	19,18618	0	0	False
-24,08355	-8,891286	19,32028	0	0	False
-24,02751	-10,18214	19,45458	0	0	False
-23,97419	-11,41031	19,58887	0	0,03171146	False
-23,92331	-12,58221	19,72259	0	0	False
-23,87102	-13,78664	19,86738	0	0	False
-23,83222	-14,8346	20,00163	0,2544178	0	False
-23,83721	-15,81968	20,13573	0,4287098	0	False
-23,91348	-16,73525	20,26927	0,5255386	0	False
-24,07183	-17,58144	20,40437	1	0	False
-24,33601	-18,32837	20,53863	1	0	False
-24,69978	-18,95383	20,67182	1	0	False
-25,13442	-19,45585	20,80623	1	0	False
-25,60302	-19,82713	20,94048	1	0	False
-26,07671	-20,08068	21,07535	0,6030017	0	False
-26,95476	-20,42676	21,20915	0,1963205	-0,4287098	False
-28,49997	-20,9697	21,34378	0,1188574	-0,5836359	False
-30,0715	-21,47596	21,47586	0,2447349	-0,5836359	False
-31,68313	-21,90282	21,60976	0,5158557	-0,5836359	False
-33,33093	-22,18205	21,74429	0,5255386	-0,5836359	False
-35,0064	-22,30535	21,87929	0,3609295	-0,5836359	False
-36,73071	-22,32748	22,01387	0,1091745	-0,6514161	False
-38,52982	-22,30848	22,14753	0,05107722	-0,6514161	False
-40,39103	-22,27285	22,28157	0	-0,6998306	False
-42,2935	-22,23586	22,41568	0	-0,6998306	False
-44,18793	-22,19903	22,54875	0	-0,7191963	False
-46,14415	-22,16098	22,68338	0	-0,7579279	False
-48,14429	-22,12207	22,81675	0	-0,8257081	False
-50,15876	-22,08285	22,9508	0	-0,8257081	False
-52,15524	-22,04397	23,08426	0	-0,8257081	False
-54,1562	-22,00501	23,21764	0	-0,8257081	False
-56,16742	-21,96585	23,35147	0	-0,8257081	False
-58,18567	-21,92655	23,48607	0	-0,8257081	False
-60,21528	-21,88703	23,62168	0	-0,8547567	False
-62,22781	-21,84784	23,75592	0	-0,8063423	False
-64,22991	-21,80886	23,88921	0	-0,8063423	False
-66,23856	-21,76974	24,02349	0	-0,8063423	False
-68,24403	-21,73069	24,15747	0	-0,49649	False
-70,25596	-21,69152	24,29197	0	-0,49649	False
-72,25722	-21,65256	24,42603	0	-0,3415638	False
-74,26462	-21,61348	24,56091	0	-0,1672719	False
-76,25293	-21,57476	24,69532	0	0	False
-78,16193	-21,53759	24,82813	0	0	False
-80,03373	-21,50114	24,96388	0	0,8547567	False
-81,65273	-21,46962	25,09758	0	1	False
-82,95966	-21,44418	25,23137	0	1	False
-83,93436	-21,4252	25,36457	0	1	False
-84,60081	-21,41222	25,4982	0	0,7869765	False
-85,01235	-21,40421	25,63158	0	0,2060034	False
-85,29819	-21,39865	25,76571	0	0	False
-85,51891	-21,39435	25,89962	0	0	False
-85,78122	-21,38924	26,03366	0	-0,09949167	False
-86,15012	-21,38206	26,16712	0	-0,09949167	False
-86,52666	-21,37473	26,3001	0	-0,1188574	False
-86,93597	-21,36675	26,43387	0	-0,1188574	False
-87,35308	-21,35863	26,57044	0	-0,1188574	False
-87,76134	-21,35068	26,70417	0	-0,1188574	False
-88,47264	-21,33682	26,83919	0	-0,322198	False
-89,28734	-21,32095	26,9724	0	-0,322198	False
-90,10832	-21,30495	27,10691	0	-0,322198	False
-90,92738	-21,2904	27,24137	-0,1382232	-0,322198	False
-91,78059	-21,30022	27,37636	-0,3125151	-0,3609295	False
-92,69681	-21,36341	27,50867	-0,409344	-0,409344	False
-93,71765	-21,51102	27,64298	-0,4868071	-0,4287098	False
-94,75555	-21,75934	27,77869	-0,5352215	-0,4480756	False
-95,83888	-22,13667	27,91176	-0,6514161	-0,49649	False
-96,88482	-22,65961	28,04604	-1	-0,49649	False
-97,81629	-23,36032	28,18031	-1	-0,49649	False
-98,59669	-24,21583	28,31301	-1	-0,49649	False
-99,21294	-25,20824	28,44708	-0,6707819	-0,49649	False
-99,69164	-26,27675	28,58054	-0,4771242	-0,5158557	False
-100,1038	-27,47921	28,71584	-0,3125151	-0,5642702	False
-100,4768	-28,82911	28,84978	-0,2737836	-0,6514161	False
-100,7932	-30,26738	28,98341	-0,2641007	-0,6514161	False
-101,0585	-31,81967	29,11722	-0,0801259	-0,6998306	False
-101,2999	-33,40293	29,25138	-0,05107722	-0,7191963	False
-101,5243	-34,99701	29,38518	-0,1672719	-0,7191963	False
-101,7049	-36,62202	29,52073	-0,2447349	-0,7191963	False
-101,8153	-38,20992	29,65245	-0,1479061	-0,7191963	False
-101,8868	-39,82146	29,78621	-0,04139434	-0,7191963	False
-101,9455	-41,44195	29,92096	0	-0,7191963	False
-102,0039	-43,07143	30,05563	0	-0,7385621	False
-102,0629	-44,71639	30,18864	0	-0,7385621	False
-102,1225	-46,38069	30,32373	0	-0,7191963	False
-102,1818	-48,03442	30,45808	-0,03171146	-0,4287098	False
-102,2312	-49,68694	30,59226	-0,1382232	-0,3609295	False
-102,2429	-51,33337	30,72622	-0,1285403	-0,3609295	False
-102,2161	-52,98733	30,86107	-0,06076011	-0,3609295	False
-102,169	-54,63149	30,99478	0	-0,3609295	False
-102,1201	-56,28575	31,12918	0	-0,2737836	False
-102,0713	-57,93731	31,2641	0	-0,2544178	False
-102,0227	-59,58375	31,3983	0	-0,2544178	False
-101,9742	-61,22535	31,53174	0	-0,2544178	False
-101,9256	-62,86998	31,66609	0	-0,2544178	False
-101,8771	-64,51232	31,79988	0	-0,2544178	False
-101,8245	-66,15766	31,9337	-0,1479061	-0,2544178	False
-101,7172	-67,7951	32,0673	-0,3512467	-0,2544178	False
-101,5038	-69,42257	32,2014	-0,4674413	-0,2544178	False
-101,1536	-71,01965	32,33451	-0,5449044	-0,2544178	False
-100,5973	-72,65264	32,46841	-1	-0,322198	False
-99,73533	-74,22195	32,6036	-1	-0,322198	False
-98,49397	-75,70512	32,7491	-1	-0,322198	False
-95,94134	-77,49969	32,98511	-1	-0,322198	False
-92,51769	-78,47191	33,25388	-0,4480756	-0,322198	False
-88,60417	-78,88791	33,52115	0	-0,5642702	False
-84,60661	-79,21772	33,7886	-0,3415638	-0,6030017	False
-80,58021	-79,14395	34,05733	-0,1769547	-0,6707819	False
-76,57459	-78,82725	34,32521	0	-0,6707819	False
-72,56222	-78,53121	34,59355	0,1769547	-0,6707819	False
-68,54417	-78,45482	34,86147	0,1479061	-0,6514161	False
-64,51959	-78,53719	35,12988	0	-0,6514161	False
-60,4976	-78,62042	35,39812	-0,002662801	-0,6514161	False
-56,48946	-78,70103	35,66555	0	-0,4480756	False
-52,45903	-78,77828	35,93491	-0,08980878	-0,4771242	False
-48,62753	-78,74295	36,19023	0	-0,4771242	False
-44,60207	-78,64124	36,45885	0	-0,409344	False
-40,5808	-78,53963	36,72721	0	-0,409344	False
-36,55971	-78,43805	36,99572	0	-0,409344	False
-32,72036	-78,34104	37,25152	0	-0,3609295	False
-29,39605	-78,25706	37,47375	0	-0,3609295	False
-26,71324	-78,18927	37,65269	0	-0,2544178	False
-23,70152	-78,11318	37,85445	0	-0,03171146	False
-20,53809	-78,03324	38,06636	0	-0,03171146	False
-17,7056	-77,96168	38,25616	0	-0,03171146	False
-14,20941	-77,88674	38,49039	0,04139434	-0,0801259	False
-11,01359	-77,86722	38,70327	0,09949167	-0,0801259	False
-7,672642	-77,93968	38,9262	0,08980878	-0,0801259	False
-4,495933	-78,08049	39,13809	0	-0,0801259	False
-1,303016	-78,22786	39,35114	0	-0,0801259	False
1,704364	-78,36667	39,55185	0	-0,0801259	False
4,536375	-78,4974	39,74099	0	-0,09949167	False
7,902736	-78,65279	39,9656	-0,02202857	-0,0801259	False
10,74894	-78,75329	40,15546	-0,09949167	-0,0801259	False
13,25473	-78,78932	40,32254	0	-0,09949167	False
15,77367	-78,8228	40,49022	0	-0,09949167	False
17,94055	-78,85161	40,635	0	-0,09949167	False
19,94159	-78,87821	40,76813	0	-0,09949167	False
21,95049	-78,90491	40,90235	0	-0,09949167	False
23,95797	-78,9316	41,03626	0	-0,09949167	False
25,96526	-78,95831	41,16976	0	-0,09949167	False
27,97472	-78,98503	41,30395	0	-0,09949167	False
29,97997	-79,0117	41,43769	0	-0,09949167	False
31,98911	-79,03842	41,57146	0	-0,01234569	False
33,95596	-79,06456	41,70498	0	0	False
35,87175	-79,09005	41,83981	0	0	False
37,72269	-79,11467	41,97401	0	0	False
39,49976	-79,13831	42,10772	0	0	False
41,21686	-79,16113	42,24213	0	0	False
42,86821	-79,18311	42,37615	0	0	False
44,45767	-79,20424	42,51006	0	0	False
45,98095	-79,2245	42,64429	0	0	False
47,44433	-79,24397	42,77864	0	0	False
48,84056	-79,26252	42,91259	0	0	False
50,17	-79,2802	43,04654	0	0	False
51,43924	-79,29707	43,18118	0	0	False
52,63614	-79,31301	43,31475	0	0	False
53,78482	-79,32825	43,44988	-0,04139434	0	False
55,29573	-79,32766	43,63978	-0,3512467	0	False
57,30318	-79,09893	43,90882	-0,5933188	0	False
59,08578	-78,48797	44,17696	-0,5933188	0	False
60,57526	-77,55595	44,4449	-0,6804648	0	False
61,70146	-76,37185	44,71422	-0,6707819	0	False
62,43203	-75,05707	44,98308	-0,5836359	0	False
63,04795	-73,01547	45,2505	-0,2060034	-0,2737836	False
63,62786	-70,32304	45,52037	-0,1188574	-0,3415638	False
64,05534	-67,55122	45,78831	-0,2834665	-0,3415638	False
64,22267	-64,76532	46,05511	-0,1285403	-0,3415638	False
64,25331	-61,97183	46,32205	0	-0,03171146	False
64,27177	-59,24187	46,59065	0	0	False
64,28931	-56,64851	46,85843	0	0	False
64,30594	-54,18968	47,12663	0	0,8063423	False
64,31937	-52,20406	47,39468	0	1	False
64,32846	-50,85908	47,66279	0	1	False
64,33329	-50,14504	47,93129	0	0,05107722	False
64,33624	-49,7081	48,19888	0	0	False
64,33833	-49,39858	48,4675	0	0	False
19,5	33,74162	48,73469	0	0	False
19,5	33,74162	48,90172	0	0	False
19,5	33,74162	49,03592	0	0	False
19,5	33,74162	49,16921	0	0	False
19,5	33,74162	49,3021	0	0	False
19,5	33,74162	49,43555	0	0	False
19,5	33,74162	49,57	0	0	False
19,5	33,74162	49,70428	0	0	False
19,5	33,74162	49,8383	0	0	False
19,5	33,74162	49,97146	0	0	False
19,5	33,74162	50,10616	0	0	False
19,5	33,74162	50,24158	0	0	False
19,5	33,74781	50,37613	0	-0,01234569	False
19,5	33,94822	50,51015	0	-0,1382232	False
19,49999	34,30997	50,64474	0	-0,235052	False
19,49998	34,85782	50,80128	0	-0,235052	False
19,49999	35,41879	50,95754	0	-0,2544178	False
19,49868	35,94615	51,09139	-0,1285403	-0,2737836	False
19,46753	36,80192	51,23676	-0,3609295	-0,4287098	False
19,33062	37,95048	51,41706	-0,5933188	-0,4287098	False
18,97871	39,18856	51,61736	-1	-0,4287098	False
18,26994	40,35007	51,82972	-1	-0,4287098	False
17,05618	41,38425	52,0752	-0,661099	-0,4480756	False
16,0065	41,93239	52,24165	-0,6126846	-0,49649	False
14,98775	42,3029	52,38707	-0,5545873	-0,49649	False
13,89735	42,56083	52,53344	-0,5545873	-0,5158557	False
12,64753	42,7154	52,68819	-0,3318809	-0,5158557	False
11,45856	42,79001	52,83428	0	-0,5158557	False
10,36314	42,85281	52,96839	0	-0,5158557	False
9,27152	42,91542	53,10242	0	-0,5158557	False
8,180612	42,97799	53,23619	0	-0,5158557	False
7,090188	43,04018	53,3696	-0,04139434	-0,5158557	False
5,992787	43,09047	53,50436	-0,1963205	-0,5158557	False
4,696047	43,10275	53,66142	-0,1963205	-0,5449044	False
3,461881	43,06499	53,80457	-0,08980878	-0,5449044	False
2,20803	43,00312	53,95046	-0,05107722	-0,5449044	False
1,051956	42,93525	54,08534	-0,002662801	-0,5449044	False
-0,3028256	42,85265	54,24099	0	-0,5449044	False
-1,605462	42,77324	54,38529	0	-0,5449044	False
-2,802953	42,70024	54,51807	0	-0,5449044	False
-4,008117	42,62679	54,65141	0	-0,5449044	False
-5,216085	42,55699	54,78545	0,1091745	-0,4480756	False
-6,424302	42,50703	54,91982	0,03171146	-0,409344	False
-7,629653	42,46687	55,05341	0	-0,3609295	False
-8,836828	42,42673	55,1875	0	-0,3415638	False
-10,04195	42,38668	55,32193	0	-0,1866376	False
-11,24222	42,34679	55,45567	0	-0,1188574	False
-12,44253	42,30688	55,58969	0	0	False
-13,59085	42,26872	55,72389	0	0	False
-14,68404	42,23238	55,85894	0	0	False
-15,71063	42,20177	55,99346	0,1769547	0	False
-16,66771	42,20194	56,12768	0,3028322	0	False
-17,55762	42,25424	56,26184	0,4868071	0	False
-18,375	42,37405	56,3955	0,6417332	0	False
-19,11211	42,57666	56,52954	1	0	False
-19,7431	42,87883	56,66415	1	0	False
-20,25312	43,25353	56,79786	1	0	False
-20,6441	43,67338	56,93264	1	0	False
-20,9115	44,09724	57,06545	0,661099	0	False
-21,08999	44,50318	57,20026	0,4868071	0	False
-21,27307	45,06519	57,3332	0,3899783	-0,1866376	False
-21,47703	45,88691	57,46845	0,3899783	-0,2737836	False
-21,64368	46,84687	57,60152	0,3706124	-0,2931494	False
-21,76361	48,00875	57,73546	0,2641007	-0,4480756	False
-21,84052	49,38372	57,8698	0,1091745	-0,5449044	False
-21,89202	50,98526	58,00337	0,01234569	-0,6514161	False
-21,93987	52,69696	58,13787	0	-0,6514161	False
-21,98797	54,41891	58,27293	0	-0,6514161	False
-22,03712	56,17804	58,40723	0	-0,7579279	False
-22,09069	58,09549	58,54139	0	-0,7579279	False
-22,14902	60,18333	58,68647	0	-0,7869765	False
-22,20473	62,17692	58,82107	0	-0,8063423	False
-22,26069	64,18024	58,95473	0	-0,8063423	False
-22,31687	66,19115	59,0884	0	-0,8063423	False
-22,37771	68,36938	59,23373	0	-0,8063423	False
-22,43386	70,37994	59,36787	0	-0,8063423	False
-22,48996	72,38831	59,50196	0	-0,8063423	False
-22,54591	74,39175	59,63559	0	-0,8063423	False
-22,60195	76,39806	59,76916	0	-0,8063423	False
-22,65815	78,41026	59,90359	0	-0,8063423	False
-22,71427	80,41902	60,03777	0	-0,8063423	False
-22,77049	82,43209	60,17158	0	-0,8063423	False
-22,82648	84,43713	60,3053	0	-0,8063423	False
-22,88262	86,4473	60,43991	0	-0,8063423	False
-22,93861	88,45202	60,57309	0	-0,8063423	False
-22,99485	90,46573	60,70746	0	-0,8063423	False
-23,05109	92,47968	60,84209	0	-0,8063423	False
-23,10725	94,49065	60,97608	0	-0,7385621	False
-23,16316	96,49396	61,10955	0,002662801	-0,7385621	False
-23,2157	98,5043	61,24403	0	-0,7385621	False
-23,2665	100,516	61,3783	0	-0,7385621	False
-23,31728	102,5272	61,5122	0	-0,7385621	False
-23,36797	104,5344	61,64628	0	-0,5836359	False
-23,41847	106,5346	61,78041	0	-0,49649	False
-23,47318	108,7014	61,92516	0	-0,409344	False
-23,52343	110,6918	62,05881	0	-0,1866376	False
-23,57387	112,6896	62,19279	0	0	False
-23,62293	114,6379	62,3268	0,03171146	0	False
-23,65444	116,5245	62,46127	0,235052	0	False
-23,59785	118,3355	62,59478	0,5836359	0	False
-23,36477	120,0764	62,72878	1	0	False
-22,8699	121,697	62,86367	1	0	False
-22,10938	123,1426	62,99818	1	0	False
-21,14182	124,3597	63,13146	1	0	False
-20,013	125,3351	63,26537	1	0	False
-18,77441	126,0539	63,39935	1	0	False
-17,35761	126,5406	63,54604	1	0	False
-16,05817	126,7331	63,68042	0,49649	-0,01234569	False
-14,32591	126,8084	63,81442	0,2060034	-0,3415638	False
-12,31538	126,8183	63,94822	0	-0,4480756	False
-10,14929	126,8206	64,09263	0	-0,49649	False
-8,133437	126,8227	64,22701	0	-0,49649	False
-5,968192	126,825	64,37132	0	-0,49649	False
-3,955091	126,8272	64,5056	0	-0,49649	False
-1,952837	126,8294	64,63925	0	-0,49649	False
0,06066765	126,8316	64,77333	0	-0,5158557	False
2,068742	126,8337	64,90716	0	-0,5449044	False
4,091842	126,8359	65,04237	0	-0,5449044	False
6,262504	126,8441	65,18671	-0,0801259	-0,5449044	False
8,275325	126,8732	65,32119	0	-0,5449044	False
10,27666	126,9052	65,45468	0	-0,5158557	False
12,29619	126,9376	65,58913	0	-0,49649	False
14,29587	126,9696	65,72286	0	-0,49649	False
16,30119	127,0017	65,85664	0	-0,49649	False
18,31566	127,034	65,9908	0	-0,49649	False
20,34025	127,0664	66,12605	0	-0,49649	False
22,34445	127,0985	66,25979	0	-0,49649	False
24,35202	127,1307	66,39338	0	-0,49649	False
26,35753	127,1628	66,52715	0	-0,4771242	False
28,36783	127,1949	66,66181	0	-0,2544178	False
30,36804	127,2269	66,79557	0	-0,2544178	False
32,37778	127,2591	66,92972	0	-0,2544178	False
34,36829	127,2909	67,06301	0	-0,2544178	False
36,37262	127,3229	67,19711	0	-0,2544178	False
38,37894	127,3548	67,33112	0	-0,1382232	False
40,37083	127,3866	67,46508	0	0	False
42,32221	127,4177	67,59969	0	0	False
44,19961	127,4476	67,73335	0	0	False
46,00775	127,4764	67,86694	0	0	False
47,76094	127,5043	68,00148	0	0	False
49,43486	127,531	68,13509	0	0,7191963	False
50,87377	127,5539	68,26871	0	1	False
52,02681	127,5722	68,4076	0	1	False
52,88995	127,5859	68,54827	0	0	False
53,58953	127,5957	68,68243	0,1188574	0	False
54,22548	127,5891	68,81632	0,2253692	0	False
54,79824	127,5589	68,95044	0,2737836	0	False
55,30316	127,5054	69,08479	0,3609295	0	False
55,77719	127,4206	69,23118	0,4190269	0	False
56,43922	127,2239	69,4772	0,4287098	0	False
57,53947	126,6827	69,74605	0,4287098	-0,2060034	False
58,94049	125,7063	70,01376	0,5739531	-0,2544178	False
60,11414	124,4586	70,28265	0,6707819	-0,2544178	False
60,94526	122,9526	70,55286	0,6707819	-0,2544178	False
61,37561	121,3115	70,81919	0,5739531	-0,2544178	False
61,46464	119,0397	71,08723	0,322198	-0,5158557	False
61,28717	116,0266	71,35498	0	-0,6707819	False
61,05742	112,5608	71,62292	0	-0,6998306	False
60,8512	109,0732	71,89035	0	-0,6998306	False
60,72424	105,5697	72,15865	-0,2641007	-0,6998306	False
60,86498	102,0214	72,42757	0	-0,7191963	False
61,08265	98,4548	72,69556	0	-0,7191963	False
61,27609	94,87488	72,9631	0,070443	-0,7385621	False
61,37202	91,03098	73,23161	0,1091745	-0,7869765	False
61,35794	87,17529	73,49989	0	-0,7869765	False
61,33999	83,32843	73,7676	0	-0,7869765	False
61,322	79,47738	74,03554	0	-0,7869765	False
61,30402	75,62819	74,30341	0	-0,7191963	False
61,28613	71,79292	74,57082	0	-0,4771242	False
61,26823	67,96043	74,83846	0	-0,4480756	False
61,25098	64,27048	75,09654	0	-0,1866376	False
61,23464	60,77294	75,34183	0	0	False
61,22018	57,6795	75,56467	0	0	False
61,20758	54,98662	75,76543	0	0	False
61,19541	52,38741	75,96684	0	0	False
61,18248	49,62235	76,18931	0	0	False
61,17035	47,03039	76,40189	0	-0,01234569	False
61,16039	44,9003	76,56889	0	-0,0801259	False
61,14922	42,51401	76,74881	0	-0,0801259	False
61,1382	40,16034	76,92669	0	-0,0801259	False
61,12921	38,24064	77,07146	0	-0,0801259	False
61,12081	36,44511	77,20662	0	-0,0801259	False
61,11046	34,23993	77,37296	0	-0,0801259	False
61,10224	32,4828	77,50626	0	0	False
61,09426	30,77485	77,6404	0	0	False
61,08653	29,12391	77,77506	0	0	False
61,07915	27,54723	77,90843	0	0	False
61,07479	26,03221	78,04272	-0,09949167	0	False
61,09381	24,57767	78,1769	-0,1091745	0	False
61,1377	23,18559	78,31113	-0,05107722	0	False
61,20248	21,64687	78,46772	-0,04139434	0	False
61,27166	20,28749	78,61244	-0,04139434	0	False
61,34117	19,09203	78,74685	0	0	False
61,40828	17,96281	78,88132	0	0	False
61,46691	16,81647	79,02547	0,409344	0	False
61,44778	15,72615	79,17097	0,6223675	0	False
61,20814	14,41775	79,362	1	0	False
60,75408	13,42613	79,52968	1	0	False
60,13017	12,62859	79,69781	1	0	False
59,51108	12,12061	79,84231	1	0	False
58,86295	11,7786	79,98621	1	0	False
58,22195	11,59153	80,13267	0,661099	0	False
57,23319	11,47596	80,28807	0,4480756	-0,2737836	False
55,73049	11,42844	80,43381	0,002662801	-0,4771242	False
53,9951	11,40487	80,57936	0	-0,5158557	False
52,26466	11,38138	80,72371	0	-0,5158557	False
50,65317	11,3595	80,8578	0	-0,5449044	False
48,6853	11,33277	81,01485	0	-0,6320504	False
46,72079	11,30609	81,1484	0	-0,7191963	False
44,37757	11,27427	81,30494	0	-0,7191963	False
42,19101	11,24457	81,45049	0	-0,7385621	False
39,68259	11,21051	81,61806	0	-0,7385621	False
37,50217	11,18089	81,76334	0	-0,7385621	False
35,50404	11,15376	81,89661	0	-0,7385621	False
33,24867	11,12287	82,04698	-0,002662801	-0,7385621	False
31,14688	11,09344	82,1868	0	-0,7385621	False
29,1441	11,06539	82,32067	0	-0,6320504	False
26,96999	11,03496	82,46578	0	-0,6030017	False
24,96044	11,00682	82,60005	0	-0,6030017	False
22,95827	10,97879	82,73338	0	-0,6030017	False
20,95312	10,95069	82,86726	0	-0,6030017	False
18,93936	10,92248	83,00204	0	-0,6030017	False
16,92802	10,89429	83,1363	0	-0,6030017	False
14,9246	10,86621	83,26975	0	-0,6030017	False
12,91235	10,83801	83,40439	0	-0,6030017	False
10,90309	10,80985	83,53857	0	-0,6030017	False
8,902688	10,78182	83,67191	0	-0,6030017	False
6,901099	10,75377	83,80576	0	-0,2931494	False
4,891506	10,72562	83,9408	0	0	False
2,942635	10,69834	84,07442	0	0	False
1,055682	10,67196	84,20781	0	0	False
-0,7736307	10,64641	84,34226	0	0	False
-2,497476	10,62237	84,47591	0	0,8934883	False
-3,950867	10,6021	84,60979	0	1	False
-5,079965	10,58635	84,7441	0	1	False
-5,894731	10,57498	84,87918	0	1	False
-6,416925	10,5677	85,02402	0	1	False
-6,59167	10,56526	85,16889	0	1	False
-6,592218	10,56525	85,30328	0	0	False
-6,592218	10,56525	85,4473	0	0	False
-6,683727	10,56398	85,5821	0	-0,1382232	False
-7,088219	10,55833	85,71577	0	-0,2544178	False
-7,698399	10,54982	85,8493	0	-0,322198	False
-8,344847	10,54081	85,98338	0	-0,322198	False
-8,992284	10,53178	86,11734	0	-0,322198	False
-9,644165	10,52282	86,25197	0,05107722	-0,322198	False
-10,28862	10,52106	86,38532	0,2060034	-0,322198	False
-10,93652	10,5441	86,51973	0,2737836	-0,322198	False
-11,58065	10,59954	86,65333	0,2447349	-0,322198	False
-12,22529	10,68468	86,78781	0,1672719	-0,322198	False
-12,99318	10,80984	86,92166	0,03171146	-0,4480756	False
-13,88003	10,95984	87,05549	0	-0,4480756	False
-14,77467	11,11115	87,19026	0	-0,4480756	False
-15,67337	11,25867	87,32464	-0,3125151	-0,4771242	False
-16,62756	11,36832	87,45879	-0,5352215	-0,4771242	False
-17,58802	11,38488	87,59282	-0,6417332	-0,4771242	False
-18,53932	11,28818	87,72652	-0,6514161	-0,4771242	False
-19,47367	11,07687	87,86074	-0,6901477	-0,4771242	False
-20,40313	10,71918	87,99464	-1	-0,49649	False
-21,25679	10,19125	88,12936	-1	-0,49649	False
-21,98706	9,522945	88,26273	-1	-0,49649	False
-22,59868	8,739675	88,39627	-0,6030017	-0,49649	False
-23,13768	7,867397	88,5311	-0,3706124	-0,5158557	False
-23,66146	6,849828	88,67577	-0,4190269	-0,5642702	False
-24,09641	5,798424	88,80997	-0,5449044	-0,5642702	False
-24,42493	4,710481	88,94456	-0,5061729	-0,5642702	False
-24,66451	3,523931	89,07845	-0,3706124	-0,6030017	False
-24,83535	2,228434	89,22297	-0,1188574	-0,6030017	False
-24,96041	1,023531	89,35704	0	-0,6030017	False
-25,08409	-0,1832862	89,49082	0	-0,6030017	False
-25,20793	-1,391582	89,62534	0	-0,6030017	False
-25,3316	-2,59833	89,75941	-0,002662801	-0,6030017	False
-25,44058	-3,805084	89,89313	-0,2641007	-0,6030017	False
-25,49671	-5,02174	90,0278	-0,2253692	-0,6030017	False
-25,50545	-6,240581	90,16288	-0,03171146	-0,6030017	False
-25,50386	-7,447695	90,2963	0	-0,6030017	False
-25,50226	-8,66187	90,43026	0	-0,6030017	False
-25,50067	-9,870667	90,56421	0	-0,6030017	False
-25,49908	-11,0795	90,69781	0	-0,6030017	False
-25,49749	-12,28631	90,83096	0	-0,6030017	False
-25,49578	-13,59171	90,96574	0	-0,6707819	False
-25,49401	-14,93312	91,09906	0	-0,6707819	False
-25,49219	-16,31478	91,23285	0	-0,7191963	False
-25,49029	-17,7614	91,36692	0	-0,7191963	False
-25,48836	-19,21303	91,50179	0	-0,7191963	False
-25,48634	-20,74037	91,63609	0	-0,7579279	False
-25,48431	-22,26295	91,76976	0	-0,7579279	False
-25,48229	-23,78588	91,90399	0	-0,7579279	False
-25,48027	-25,30658	92,03779	0	-0,7579279	False
-25,47825	-26,8282	92,17134	0	-0,7579279	False
-25,47623	-28,34541	92,30477	0	-0,7579279	False
-25,47422	-29,86984	92,43918	0	-0,7579279	False
-25,47221	-31,39297	92,57305	0	-0,7579279	False
-25,47019	-32,92137	92,70733	0	-0,7579279	False
-25,46816	-34,45785	92,84269	0	-0,7579279	False
-25,46615	-35,98291	92,97688	0	-0,7579279	False
-25,46414	-37,50603	93,11053	0	-0,7579279	False
-25,46213	-39,0264	93,24454	0	-0,7579279	False
-25,4601	-40,56668	93,38004	0	-0,7579279	False
-25,45811	-42,07425	93,51292	0	-0,2737836	False
-25,45612	-43,58432	93,64761	0	0	False
-25,45422	-45,02772	93,78154	0	0	False
-25,45239	-46,41017	93,91557	0	0	False
-25,45069	-47,70266	94,04884	0	1	False
-25,44934	-48,72729	94,18346	0	1	False
-25,44842	-49,4294	94,31741	0	1	False
-25,44793	-49,80927	94,45116	0	1	False
-25,44784	-49,88418	94,58505	0	1	False
-25,44786	-49,88418	94,71925	0	1	False
-25,44787	-49,88418	94,85345	0	1	False
-25,44788	-49,88418	94,98733	0	0,5158557	False
-25,44788	-49,88418	95,12069	0	0	False
-25,44788	-49,88418	95,25494	0	0	False
-25,44788	-49,88418	95,38864	0	0	False
-25,44788	-49,88418	95,524	0	0	False
19,5	33,74162	95,6819	0	0	False
19,5	33,74163	95,82713	0	0	False
19,5	33,74163	95,98333	0	0	False
19,5	33,74163	96,11741	0	0	False
19,5	33,74163	96,26156	0	0	False
19,5	33,74163	96,39481	0	0	False
19,5	33,74163	96,52857	0	0	False
19,5	33,74163	96,66267	0	0	False
19,5	33,74163	96,79784	0	0	False
19,5	33,74163	96,93123	0	0	False
19,5	33,74163	97,06652	0	0	False
19,5	33,74163	97,19915	0	0	False
19,5	33,74163	97,3334	0	0	False
19,5	33,74163	97,46766	0,1769547	0	False
19,50874	33,98381	97,60208	0,2253692	-0,1866376	False
19,54253	34,45129	97,73603	0,2253692	-0,235052	False
19,59644	34,91732	97,86998	0,2931494	-0,235052	False
19,67574	35,37805	98,00427	0,4383927	-0,235052	False
19,80381	35,87324	98,13874	0,4868071	-0,2931494	False
20,01846	36,47128	98,27278	0,5545873	-0,322198	False
20,32163	37,10104	98,4182	0,5739531	-0,322198	False
20,66794	37,65152	98,55251	1	-0,322198	False
21,09623	38,14151	98,68748	1	-0,322198	False
21,69283	38,59674	98,84323	1	-0,322198	False
22,38493	38,92804	98,99949	0,5545873	-0,3415638	False
23,42358	39,27092	99,15539	0,3609295	-0,49649	False
24,47541	39,52797	99,30051	0,322198	-0,49649	False
25,53992	39,71479	99,44534	0,322198	-0,49649	False
26,53317	39,82568	99,57896	0,2931494	-0,5158557	False
27,57783	39,89004	99,71396	0,0801259	-0,5158557	False
28,72617	39,9394	99,85847	0	-0,5836359	False
29,93335	39,99091	99,99247	0	-0,6030017	False
31,14228	40,0425	100,1263	0	-0,6030017	False
32,35158	40,09412	100,2604	0	-0,6030017	False
33,56235	40,1458	100,3943	0	-0,6030017	False
34,7729	40,19748	100,528	0	-0,6030017	False
35,98266	40,24913	100,6622	0	-0,6030017	False
37,19819	40,30103	100,7966	0	-0,6030017	False
38,41085	40,35279	100,9306	0	-0,6030017	False
39,81839	40,41288	101,0864	0	-0,6030017	False
41,37335	40,47928	101,2547	0	-0,6320504	False
42,63782	40,53327	101,3882	0	-0,235052	False
44,00405	40,59162	101,5335	0	-0,0801259	False
45,37047	40,64997	101,6793	0	-0,0801259	False
46,73166	40,7081	101,8244	0	-0,0801259	False
48,0803	40,7657	101,9693	0	0	False
49,25716	40,81596	102,1027	0	0	False
50,37418	40,86366	102,2363	0	0	False
51,42796	40,90867	102,3697	0	0	False
52,35342	40,94821	102,5036	0	1	False
52,97555	40,97478	102,6376	0	1	False
53,27681	40,98765	102,7718	0	1	False
53,30689	40,98893	102,9065	0	1	False
53,30689	40,98893	103,0412	0	1	False
53,30689	40,98893	103,1758	0	0	False
53,30689	40,98893	103,3092	0	0	False
53,34784	40,99068	103,4435	0	-0,0801259	False
53,97519	41,0175	103,5782	0	-0,4480756	False
54,95362	41,0593	103,7117	0	-0,5158557	False
56,07623	41,10727	103,8463	0	-0,5642702	False
57,20516	41,15553	103,9801	0	-0,5642702	False
58,32671	41,20346	104,1125	0	-0,5642702	False
59,48399	41,25291	104,247	0	-0,6030017	False
60,88466	41,31276	104,3809	0	-0,7385621	False
62,36849	41,37599	104,5149	0,01234569	-0,7385621	False
63,85145	41,43102	104,6486	0,1188574	-0,7385621	False
65,33139	41,45619	104,7825	0,1672719	-0,7385621	False
66,81184	41,43341	104,9162	0,2253692	-0,7385621	False
68,44401	41,34008	105,0638	0,1188574	-0,7385621	False
69,90306	41,2251	105,1958	0	-0,7385621	False
71,38169	41,10756	105,3295	0	-0,7385621	False
72,96202	40,98192	105,464	0	-0,7869765	False
74,54875	40,8596	105,5989	-0,05107722	-0,7869765	False
76,12505	40,74928	105,7324	0	-0,7869765	False
77,72039	40,63825	105,8679	0	-0,7869765	False
79,28446	40,52942	106,001	-0,070443	-0,7869765	False
80,86916	40,44023	106,1356	-0,2737836	-0,7869765	False
82,43602	40,42024	106,268	-0,1188574	-0,7869765	False
84,02453	40,42918	106,4028	0	-0,7869765	False
85,61401	40,4384	106,5374	0	-0,7869765	False
87,19563	40,44757	106,6712	0	-0,7869765	False
88,78134	40,45678	106,8056	0	-0,7191963	False
90,35445	40,46591	106,9392	0	-0,7191963	False
91,93549	40,47509	107,073	0	-0,7191963	False
93,5157	40,48426	107,207	0	-0,7191963	False
95,09856	40,49344	107,3414	0	-0,7191963	False
96,68501	40,50265	107,476	0	-0,7191963	False
98,28797	40,51195	107,6116	0	-0,7191963	False
99,8586	40,52105	107,7452	0	-0,7191963	False
101,4386	40,53021	107,8791	0	-0,7191963	False
103,011	40,53932	108,0124	0	-0,5642702	False
104,5945	40,5485	108,1468	0	-0,5449044	False
106,2289	40,55798	108,286	0	-0,4480756	False
107,713	40,56657	108,4122	0	-0,2544178	False
109,2781	40,57564	108,5461	0	0	False
110,8043	40,58449	108,6803	0	0	False
112,2964	40,59314	108,817	0	0	False
113,6969	40,60126	108,9508	0	0	False
115,0262	40,60897	109,0848	0	0,4287098	False
116,1605	40,61554	109,2191	0	1	False
116,9713	40,62024	109,3526	0	1	False
117,4615	40,6231	109,4868	0	1	False
117,6738	40,62433	109,6211	0	0	False
117,8684	40,62545	109,7547	0	-0,1188574	False
118,3107	40,62802	109,8892	0	-0,1672719	False
118,8275	40,63102	110,0238	0	-0,2060034	False
119,4227	40,63448	110,1566	0	-0,3609295	False
120,3559	40,6399	110,2912	0	-0,409344	False
121,2975	40,64323	110,4249	0,1672719	-0,409344	False
122,2421	40,61369	110,5595	0,5255386	-0,409344	False
123,1748	40,48016	110,6934	1	-0,2931494	False
124,0604	40,18237	110,8266	1	-0,2931494	False
124,8816	39,72187	110,9613	1	-0,2931494	False
125,5999	39,11913	111,0949	1	-0,2931494	False
126,1944	38,39266	111,2284	1	-0,2931494	False
126,6448	37,56559	111,3631	1	-0,2931494	False
126,9325	36,67143	111,4969	1	-0,2931494	False
127,0543	35,65947	111,6425	0,661099	-0,2931494	False
127,0358	34,71636	111,7768	0,3125151	-0,2931494	False
126,9552	33,75278	111,9108	0	-0,3415638	False
126,851	32,63461	112,0561	0	-0,3415638	False
126,7471	31,51885	112,2006	-0,01234569	-0,3415638	False
126,6571	30,48576	112,3344	-0,1285403	-0,3415638	False
126,5925	29,44617	112,4686	-0,3028322	-0,3415638	False
126,5829	28,40602	112,6031	-0,2834665	-0,3415638	False
126,6264	27,28035	112,7484	0	-0,235052	False
126,6758	26,2497	112,8822	0	-0,1866376	False
126,725	25,22036	113,0156	0	-0,1866376	False
126,7746	24,18496	113,1495	0	-0,1866376	False
126,8242	23,14873	113,2841	0	-0,1866376	False
126,8735	22,117	113,4178	0	-0,1672719	False
126,9229	21,08333	113,5516	0,03171146	-0,09949167	False
126,9656	20,06681	113,6863	0,08980878	0	False
126,9902	19,03575	113,832	0,1769547	0	False
126,9764	18,00329	113,9886	0,3028322	0	False
126,8434	16,63911	114,2134	0,5255386	0	False
126,4649	15,24569	114,4702	0,6223675	0	False
125,7849	14,04586	114,7385	1	0	False
124,8254	13,24587	115,0066	0,6320504	0	False
123,7802	12,76315	115,2756	0,49649	-0,03171146	False
121,0752	12,07577	115,5479	0,2060034	-0,5449044	False
117,6875	11,50761	115,8109	0,1382232	-0,6030017	False
114,1837	11,16896	116,0797	0,3706124	-0,6030017	False
110,6765	11,25144	116,3474	0	-0,6030017	False
107,1655	11,45874	116,6159	-0,0801259	-0,6030017	False
103,6581	11,60382	116,8836	0	-0,6030017	False
100,1448	11,73242	117,1518	-0,1479061	-0,6030017	False
96,64278	11,74062	117,419	0	-0,6030017	False
93,13191	11,70018	117,687	0	-0,3609295	False
89,6402	11,65992	117,9548	0	-0,1866376	False
86,87071	11,62798	118,1667	0	0	False
83,73782	11,59184	118,4128	0	0	False
81,82943	11,56982	118,5685	0	0	False
79,86366	11,54713	118,7363	0	0	False
77,64116	11,52149	118,9372	0	0,7385621	False
76,16639	11,50448	119,0936	0	0,7385621	False
74,71372	11,48772	119,2838	0	0,7385621	False
73,7345	11,47642	119,4512	0	1	False
73,16038	11,4698	119,619	0	1	False
72,853	11,46625	119,8874	0	1	False
72,853	11,46625	120,1565	0	0	False
72,53593	11,46259	120,3448	0	-0,235052	False
71,61634	11,45199	120,5127	0	-0,4480756	False
70,34328	11,43731	120,6803	0	-0,5158557	False
69,03973	11,4223	120,8307	0	-0,6030017	False
67,58961	11,40559	120,9814	0	-0,7191963	False
66,02462	11,38756	121,1261	0	-0,7191963	False
64,26089	11,36724	121,2715	0	-0,8741225	False
62,16722	11,3431	121,4166	0	-1	False
59,98002	11,3179	121,5625	0	-1	False
57,97687	11,29482	121,6967	0	-1	False
55,96753	11,27166	121,8297	0	-1	False
53,80096	11,2467	121,9745	0	-1	False
51,77802	11,22339	122,1091	0	-1	False
49,77433	11,20031	122,243	0	-1	False
47,60145	11,17527	122,3876	0	-1	False
45,58978	11,1521	122,522	0	-1	False
43,57654	11,12893	122,6561	0	-1	False
41,56492	11,10577	122,79	0	-1	False
39,55421	11,08261	122,9244	0	-1	False
37,54529	11,05949	123,0584	0	-1	False
35,52995	11,03629	123,1924	0	-1	False
33,35597	11,01129	123,3377	0	-1	False
31,01245	10,98433	123,4936	0	-1	False
29,01487	10,96137	123,6268	0	-1	False
26,98554	10,93806	123,7623	0	-1	False
24,98322	10,91508	123,8958	0	-1	False
22,80297	10,89009	124,0414	0	-1	False
20,62071	10,86511	124,1864	0	-1	False
18,44361	10,8402	124,3317	0	-0,8934883	False
16,27481	10,81539	124,4769	0	-0,7191963	False
14,09908	10,7905	124,6225	0	-0,6998306	False
11,76814	10,76384	124,7782	0	-0,6030017	False
9,599626	10,73904	124,9236	0	-0,4771242	False
7,265774	10,71234	125,08	0	-0,4771242	False
5,274004	10,68955	125,2135	0	-0,1672719	False
3,137269	10,6651	125,3593	0	0	False
1,233308	10,6434	125,4931	0,03171146	0	False
-0,6041381	10,63394	125,6271	0,1091745	0	False
-2,374324	10,66129	125,761	0,1382232	0	False
-4,081533	10,7316	125,895	0,1382232	0	False
-5,71909	10,83891	126,0284	0,05107722	0	False
-7,437088	10,96669	126,175	0	0	False
-8,951953	11,07941	126,309	0	0	False
-10,64125	11,20511	126,4655	0	0	False
-12,01093	11,30704	126,5991	0	1	False
-13,13202	11,39046	126,7326	0	1	False
-13,93276	11,45004	126,8661	0	1	False
-14,41422	11,48586	127,0001	0	1	False
-14,57517	11,49784	127,1334	0	1	False
-14,57517	11,49783	127,2677	0	0	False
-14,68437	11,50596	127,4023	0	-0,1672719	False
-15,1597	11,54134	127,5362	0	-0,2737836	False
-15,75478	11,58563	127,6815	0	-0,2737836	False
-16,30294	11,62597	127,8153	-0,1285403	-0,2737836	False
-16,89343	11,65427	127,9495	-0,3996611	-0,2931494	False
-17,54071	11,63493	128,0838	-0,5545873	-0,3415638	False
-18,21833	11,5467	128,2173	-0,5449044	-0,3415638	False
-18,96841	11,36909	128,3514	-0,49649	-0,4287098	False
-19,89057	11,05821	128,4852	-0,49649	-0,49649	False
-20,84299	10,63586	128,6198	-0,5158557	-0,5449044	False
-21,83897	10,07271	128,7536	-0,5739531	-0,6320504	False
-22,89489	9,313381	128,8876	-1	-0,6514161	False
-23,8415	8,37446	129,0218	-1	-0,6707819	False
-24,60612	7,263575	129,156	-1	-0,6707819	False
-25,15158	6,02615	129,2903	-0,6320504	-0,6707819	False
-25,51243	4,725486	129,4246	-0,3899783	-0,6514161	False
-25,7816	3,343523	129,5607	-0,3318809	-0,6514161	False
-25,95857	1,991722	129,6922	-0,3318809	-0,6320504	False
-26,0509	0,6057036	129,8266	-0,4480756	-0,5158557	False
-26,03358	-0,7768942	129,9611	-0,3706124	-0,2544178	False
-25,92401	-2,146817	130,0947	-0,2641007	-0,2544178	False
-25,7531	-3,500362	130,2288	-0,02202857	0	False
-25,57729	-4,780678	130,3625	0	0	False
-25,40775	-6,015092	130,4978	0	0	False
-25,24814	-7,17716	130,632	0	0	False
-25,07313	-8,45139	130,7876	0	0	False
-24,92006	-9,565827	130,9323	0	0	False
-24,78827	-10,52545	131,0651	0	0	False
-24,66427	-11,42837	131,1992	0,002662801	0	False
-24,5539	-12,27452	131,3338	0,1963205	0	False
-24,477	-13,05626	131,468	0,2544178	0	False
-24,44167	-13,77724	131,6027	0,3415638	0	False
-24,45084	-14,43313	131,737	0,3512467	0	False
-24,49847	-15,02748	131,872	0,3512467	0	False
-24,57447	-15,54195	132,0045	0,3899783	0	False
-24,67623	-15,99485	132,1391	0,4383927	0	False
-24,79686	-16,3804	132,2721	0,4383927	-0,05107722	False
-25,0062	-16,89312	132,4062	0,4383927	-0,1382232	False
-25,34386	-17,55956	132,5408	0,4383927	-0,2060034	False
-25,75806	-18,23542	132,6756	0,4383927	-0,2060034	False
-26,22684	-18,87104	132,8097	0,5449044	-0,2060034	False
-26,75563	-19,44765	132,9432	1	-0,2060034	False
-27,37263	-19,93332	133,0769	1	-0,2060034	False
-28,07105	-20,29668	133,2107	0,661099	-0,2060034	False
-29,11037	-20,64613	133,3451	0,4868071	-0,4771242	False
-30,6912	-21,02611	133,4788	0,3125151	-0,7191963	False
-32,49052	-21,34852	133,6132	0,2737836	-0,7191963	False
-34,28378	-21,57418	133,7463	0,3415638	-0,7191963	False
-36,11812	-21,68886	133,882	0,3996611	-0,7191963	False
-37,93196	-21,66882	134,0156	0,3125151	-0,7191963	False
-39,88079	-21,52762	134,1596	0,1382232	-0,7191963	False
-41,69471	-21,34962	134,2935	0	-0,7191963	False
-43,50516	-21,16939	134,4275	0	-0,7191963	False
-45,31797	-20,99238	134,562	-0,1188574	-0,7191963	False
-47,16189	-20,85343	134,6975	-0,1091745	-0,7385621	False
-49,00786	-20,75284	134,8305	0	-0,6998306	False
-50,87207	-20,65397	134,9655	0	-0,6998306	False
-52,71542	-20,55773	135,0987	-0,1188574	-0,6998306	False
-54,57919	-20,49837	135,2329	-0,3028322	-0,6998306	False
-56,47588	-20,53518	135,3665	-0,2060034	-0,7191963	False
-58,40945	-20,63415	135,501	0	-0,5449044	False
-60,36078	-20,73816	135,6368	0	-0,3899783	False
-62,27254	-20,83959	135,7696	0,03171146	-0,3899783	False
-64,18494	-20,92398	135,9027	0,06076011	-0,3899783	False
-66,11965	-20,98728	136,0373	0	-0,3899783	False
-68,06814	-21,0491	136,1725	0	-0,3899783	False
-70,00283	-21,10848	136,307	0,1382232	-0,3899783	False
-71,92246	-21,12648	136,4407	0,2156863	-0,3899783	False
-73,85734	-21,07193	136,5753	0,1479061	-0,1382232	False
-75,73546	-20,97122	136,7079	0,03171146	0	False
-77,56977	-20,85864	136,8423	0	0	False
-79,33202	-20,75026	136,9759	0	0	False
-81,03033	-20,64582	137,1092	0	0	False
-82,67317	-20,54478	137,2439	0	0	False
-84,3633	-20,44178	137,3876	-0,06076011	0	False
-85,87067	-20,3628	137,5224	-0,05107722	1	False
-87,1251	-20,30926	137,6563	-0,03171146	1	False
-88,06424	-20,27537	137,7905	-0,03171146	1	False
-88,67588	-20,25688	137,9244	-0,03171146	1	False
-88,96861	-20,24969	138,0586	-0,03171146	1	False
-88,99544	-20,24914	138,192	-0,03171146	0	False
-89,1556	-20,24715	138,326	0	-0,235052	False
-89,76725	-20,23955	138,4608	0	-0,3415638	False
-90,45918	-20,23096	138,5959	0	-0,3415638	False
-91,15174	-20,22248	138,7308	-0,04139434	-0,3415638	False
-91,98569	-20,22593	138,864	-0,3415638	-0,4771242	False
-92,94783	-20,28391	138,9987	-0,4771242	-0,4771242	False
-93,89782	-20,42562	139,1326	-0,5449044	-0,4771242	False
-94,88197	-20,67779	139,2654	-0,5642702	-0,5449044	False
-95,98163	-21,08827	139,3999	-0,6223675	-0,6320504	False
-97,17989	-21,71416	139,5333	-1	-0,6998306	False
-98,3257	-22,60732	139,6679	-1	-0,7191963	False
-99,30272	-23,71638	139,8018	-1	-0,7191963	False
-100,0747	-24,9943	139,9368	-0,6320504	-0,7191963	False
-100,6835	-26,34176	140,07	-0,5061729	-0,7191963	False
-101,1622	-27,74211	140,2037	-0,49649	-0,7191963	False
-101,5142	-29,19926	140,3395	-0,4287098	-0,7191963	False
-101,7494	-30,66008	140,4727	-0,2253692	-0,7191963	False
-101,9167	-32,11456	140,6049	-0,0801259	-0,7191963	False
-102,0589	-33,59152	140,7392	-0,09949167	-0,7191963	False
-102,1737	-35,07767	140,8735	-0,1091745	-0,7191963	False
-102,2554	-36,56923	141,0084	-0,235052	-0,7191963	False
-102,2715	-38,05466	141,1428	-0,3318809	-0,6707819	False
-102,2051	-39,53958	141,2773	-0,1188574	-0,4480756	False
-102,1029	-41,00628	141,4107	0	0	False
-102,0013	-42,4295	141,5445	0	0	False
-101,9039	-43,79552	141,6788	0	0	False
-101,8127	-45,07365	141,8126	0	0,8257081	False
-101,7394	-46,10143	141,9464	0	1	False
-101,6888	-46,81074	142,081	0	1	False
-101,661	-47,19997	142,215	0	1	False
-101,6553	-47,28081	142,3485	0	1	False
-101,6553	-47,28076	142,4829	0	1	False
-101,6553	-47,2807	142,6173	0	0	False
19,5	33,742	142,7513	0	0	False
19,5	33,74163	142,9322	0	0	False
19,5	33,74163	143,1441	0	0	False
19,5	33,74163	143,3108	0	0	False
19,5	33,74163	143,4444	0	0	False
19,5	33,74163	143,5773	0	0	False
19,5	33,74163	143,7114	0	0	False
19,5	33,74163	143,8459	0	0	False
19,5	33,74163	143,9804	0	0	False
19,5	33,74163	144,1131	0	0	False
19,5	33,74163	144,2471	0	0	False
19,5	33,74163	144,3822	0	0	False
19,5	33,74163	144,5156	0	0	False
19,5	33,74163	144,6493	0	0	False
19,5	33,74163	144,7833	0	0	False
19,5	33,74163	144,9186	0	0	False
19,5	33,74163	145,065	0	0	False
19,5	33,74162	145,1974	0,1769547	0	False
19,5	33,74162	145,3315	0,2931494	0	False
19,51221	33,87568	145,4656	0,3028322	-0,1188574	False
19,54613	34,12107	145,5996	0,2834665	-0,1382232	False
19,66259	34,71497	145,7341	0,2641007	-0,3609295	False
19,83512	35,41512	145,8685	0,2641007	-0,3609295	False
20,04775	36,1194	146,0031	0,3125151	-0,3899783	False
20,31684	36,85044	146,1371	0,5061729	-0,3899783	False
20,65386	37,55733	146,2709	0,6223675	-0,3899783	False
21,07156	38,22539	146,4056	0,6514161	-0,3899783	False
21,62143	38,87019	146,5507	1	-0,3899783	False
22,28731	39,39075	146,6958	1	-0,3899783	False
23,04852	39,77224	146,8414	0,5933188	-0,3899783	False
23,84732	40,04423	146,9854	0,4674413	-0,3899783	False
24,67856	40,23954	147,1314	0,4674413	-0,3899783	False
25,78732	40,384	147,2982	0,4674413	-0,4480756	False
26,68692	40,41512	147,4318	0,2931494	-0,4480756	False
27,58622	40,40674	147,5656	0	-0,4480756	False
28,54255	40,39505	147,7001	0	-0,5642702	False
29,80774	40,38482	147,8457	-0,1188574	-0,5836359	False
31,00571	40,39819	147,9791	-0,05107722	-0,6320504	False
32,27588	40,42405	148,1128	0	-0,6320504	False
33,54131	40,45017	148,2463	0	-0,6320504	False
34,80197	40,47618	148,3796	0	-0,6320504	False
36,06647	40,50229	148,5127	0	-0,6320504	False
37,33463	40,52847	148,6465	0	-0,6030017	False
38,61433	40,55488	148,7819	0	-0,6030017	False
39,88306	40,58106	148,9158	0	-0,6030017	False
41,15828	40,60738	149,0501	0	-0,6030017	False
42,43145	40,63366	149,1848	0	-0,6030017	False
43,69586	40,65977	149,3182	0	-0,6030017	False
44,96613	40,68599	149,4521	0	-0,6030017	False
46,2377	40,71223	149,5863	0	-0,49649	False
47,50503	40,7384	149,7207	0	-0,409344	False
48,77605	40,76464	149,8555	0	-0,322198	False
50,01509	40,79021	149,9885	0	0	False
51,19992	40,81467	150,123	0	0	False
52,27771	40,83692	150,257	0	0,8934883	False
53,08638	40,85362	150,3909	0	0,912854	False
53,61435	40,86451	150,53	0	0,912854	False
53,88603	40,87012	150,6703	0	0	False
54,18576	40,87632	150,8049	0	-0,1382232	False
54,62943	40,88548	150,9389	0	-0,1382232	False
55,07341	40,89463	151,0728	0	-0,1382232	False
55,51686	40,90368	151,2065	0,1188574	-0,1382232	False
55,9825	40,9044	151,3414	0,3028322	-0,1672719	False
56,66867	40,86418	151,4854	0,5061729	-0,2060034	False
57,30022	40,76759	151,62	0,5739531	-0,2060034	False
58,01206	40,57581	151,766	0,6223675	-0,2544178	False
58,80747	40,2451	151,9223	1	-0,2544178	False
59,51542	39,7766	152,0671	1	-0,2544178	False
60,21888	39,05328	152,2339	1	-0,235052	False
60,65033	38,36181	152,3686	1	-0,235052	False
60,95163	37,58387	152,5032	0,661099	-0,2544178	False
61,17254	36,58542	152,6603	0,4674413	-0,2931494	False
61,3164	35,32126	152,8155	0,322198	-0,409344	False
61,3693	34,16176	152,9491	0,2737836	-0,409344	False
61,36398	32,99754	153,0837	0,1769547	-0,409344	False
61,32587	31,84216	153,2169	0	-0,409344	False
61,28328	30,67911	153,3508	0	-0,409344	False
61,2408	29,51934	153,4846	0	-0,409344	False
61,19823	28,35584	153,6191	-0,002662801	-0,409344	False
61,15729	27,19729	153,7526	-0,05107722	-0,409344	False
61,12579	26,03102	153,8871	-0,070443	-0,409344	False
61,10593	24,7754	154,0318	-0,002662801	-0,409344	False
61,09067	23,61182	154,166	0	-0,409344	False
61,07404	22,3441	154,3121	0	-0,409344	False
61,0588	21,18116	154,4462	0	-0,409344	False
61,04358	20,02121	154,5803	0	-0,409344	False
61,02833	18,85755	154,7146	0	-0,409344	False
61,01268	17,66286	154,8474	0	-0,4480756	False
60,99641	16,42136	154,9818	0	-0,4480756	False
60,97967	15,14342	155,1158	0	-0,4771242	False
60,96268	13,84577	155,2494	0	-0,4771242	False
60,94563	12,54324	155,3841	0	-0,4771242	False
60,9276	11,16801	155,5181	0	-0,5158557	False
60,90925	9,767015	155,6514	0	-0,6030017	False
60,88895	8,217416	155,7852	0	-0,6030017	False
60,86864	6,667269	155,9195	0	-0,6030017	False
60,84821	5,106698	156,054	0	-0,6030017	False
60,82795	3,559828	156,1876	0	-0,6030017	False
60,80758	2,005686	156,3223	0	-0,49649	False
60,78734	0,4609314	156,4559	0	-0,49649	False
60,76696	-1,095088	156,5901	0	-0,49649	False
60,74669	-2,641417	156,7244	0	-0,2737836	False
60,72637	-4,19194	156,8589	0	-0,2544178	False
60,70618	-5,733764	156,9923	0	-0,2544178	False
60,68596	-7,277611	157,1263	0	-0,2544178	False
60,6641	-8,945648	157,2711	0	-0,2544178	False
60,64394	-10,48442	157,405	0	-0,1672719	False
60,62369	-12,02991	157,5392	0	-0,03171146	False
60,6038	-13,54855	157,6737	0	0	False
60,59004	-14,99671	157,8079	-0,2156863	0	False
60,63602	-16,37451	157,9419	-0,5352215	0	False
60,80275	-17,68514	158,0764	-0,6901477	0	False
61,14023	-18,88695	158,2097	-1	0	False
61,67199	-19,95806	158,345	-1	0	False
62,34682	-20,84902	158,4784	-1	0	False
63,1256	-21,56681	158,6121	-0,6514161	0	False
63,93111	-22,14476	158,7455	-0,5352215	0	False
65,02219	-22,76288	158,8794	-0,5642702	-0,3609295	False
66,71805	-23,50765	159,0127	-0,5739531	-0,49649	False
68,58414	-24,10178	159,1468	-0,5545873	-0,49649	False
70,50605	-24,49798	159,2814	-0,5352215	-0,49649	False
72,4531	-24,69871	159,4152	-0,49649	-0,49649	False
74,41656	-24,73146	159,5493	-0,1188574	-0,49649	False
76,38433	-24,70037	159,6842	0	-0,49649	False
78,34496	-24,6684	159,8183	0	-0,49649	False
80,3063	-24,6364	159,9522	0	-0,49649	False
82,25527	-24,60462	160,0855	0	-0,49649	False
84,21706	-24,57261	160,22	0	-0,49649	False
86,19008	-24,54045	160,3551	0,01234569	-0,49649	False
88,14091	-24,51097	160,4882	0	-0,49649	False
90,10257	-24,48197	160,6227	0	-0,49649	False
92,0575	-24,45307	160,7564	0	-0,49649	False
94,01501	-24,42414	160,8901	0	-0,322198	False
95,97839	-24,39514	161,025	0	-0,2060034	False
97,92121	-24,36643	161,1588	0	0	False
99,82269	-24,33834	161,2932	0	0	False
101,6414	-24,31148	161,4264	0	0	False
103,4172	-24,28524	161,5615	0	0	False
105,1132	-24,26019	161,6952	0	0	False
106,7431	-24,23596	161,8284	-0,05107722	0	False
108,3107	-24,20208	161,9624	-0,08980878	0	False
109,8118	-24,14491	162,0959	-0,1091745	0	False
111,2486	-24,06119	162,2292	-0,1091745	0	False
112,6205	-23,95317	162,3633	-0,1091745	0	False
113,947	-23,82483	162,4991	0	0	False
115,2012	-23,6986	162,6339	0	0	False
116,3784	-23,5801	162,7675	0	0	False
117,4971	-23,46749	162,9021	0	0	False
118,5597	-23,36665	163,0374	0,235052	0	False
119,5439	-23,3129	163,1702	0,4480756	0	False
120,4825	-23,33923	163,306	0,5739531	0	False
121,3336	-23,45516	163,4395	0,6223675	0	False
122,1087	-23,6556	163,5734	1	0	False
122,7651	-23,94664	163,7047	1	0	False
123,3262	-24,33336	163,8389	1	-0,01234569	False
123,8072	-24,82047	163,9733	1	-0,01234569	False
124,2836	-25,50228	164,1078	0,6030017	-0,235052	False
124,8818	-26,58904	164,2423	0,5352215	-0,322198	False
125,41	-27,83034	164,3766	0,5352215	-0,409344	False
125,8639	-29,28255	164,5094	0,5352215	-0,4480756	False
126,1781	-30,80322	164,6433	0,5352215	-0,4480756	False
126,3435	-32,35553	164,7776	0,3899783	-0,4480756	False
126,4037	-33,91899	164,9118	0,03171146	-0,4480756	False
126,4379	-35,48217	165,0462	0	-0,4480756	False
126,4717	-37,04021	165,1806	0	-0,4480756	False
126,5056	-38,60495	165,3151	0	-0,4480756	False
126,5397	-40,17783	165,4483	0	-0,4771242	False
126,5782	-41,95871	165,5825	0	-0,5642702	False
126,6171	-43,75532	165,7169	0	-0,5642702	False
126,6558	-45,53828	165,8499	0	-0,5642702	False
126,6946	-47,33045	165,9843	0	-0,5642702	False
126,7332	-49,11507	166,1177	0	-0,5642702	False
126,773	-50,95125	166,2551	0	-0,5642702	False
126,8115	-52,72606	166,3876	0	-0,5642702	False
126,85	-54,50499	166,5211	0	-0,5642702	False
126,8889	-56,30031	166,6552	0	-0,3415638	False
126,9277	-58,09488	166,7896	0	-0,2060034	False
126,9665	-59,88331	166,9245	0	0	False
127,0037	-61,60219	167,0576	0	0	False
127,04	-63,27599	167,1919	0	0	False
127,0708	-64,8722	167,3258	0,1672719	0	False
127,0583	-66,40605	167,4594	0,3415638	0	False
126,9513	-67,87057	167,5927	0,5255386	0	False
126,7089	-69,26616	167,7275	0,6223675	0	False
126,3181	-70,55242	167,8618	1	0	False
125,7414	-71,6833	167,9948	1	0	False
124,9949	-72,64848	168,1292	1	0	False
124,051	-73,47262	168,2756	1	0	False
122,3494	-74,31216	168,5111	0,6804648	0	False
120,4911	-74,71033	168,7562	0,4480756	-0,01234569	False
118,0829	-74,87484	169,0014	0	-0,235052	False
114,7343	-75,01195	169,2593	0	-0,3899783	False
111,1264	-75,15962	169,5274	0	-0,3899783	False
107,6791	-75,30069	169,7836	0	-0,3899783	False
104,2176	-75,44234	170,041	0,06076011	-0,3899783	False
101,2189	-75,5247	170,2637	0	-0,3899783	False
98,81355	-75,56911	170,4422	0	-0,3899783	False
96,70712	-75,60797	170,5987	0	-0,3899783	False
94,45232	-75,64957	170,7659	0	-0,3899783	False
91,89674	-75,69672	170,9564	0	-0,2544178	False
89,79398	-75,73553	171,1122	0	-0,2544178	False
87,54155	-75,77711	171,2801	0	-0,2544178	False
85,5916	-75,8131	171,4251	0	-0,2544178	False
83,78349	-75,84646	171,5596	0	-0,2544178	False
81,52168	-75,88783	171,7275	0,01234569	-0,2544178	False
78,04772	-75,94107	171,9863	0,01234569	-0,2544178	False
74,4547	-75,97987	172,2536	0,01234569	-0,2544178	False
70,88259	-76,00259	172,5186	0	-0,2737836	False
68,42965	-76,01508	172,6972	0	-0,2544178	False
66,58852	-76,02447	172,831	0	-0,2544178	False
64,42543	-76,03551	172,9885	0	-0,2544178	False
62,59228	-76,04488	173,1223	0	-0,2544178	False
60,74617	-76,05433	173,2567	0	-0,2544178	False
58,76096	-76,06449	173,4012	0	-0,2544178	False
56,91821	-76,07393	173,5353	0	-0,2544178	False
54,92815	-76,08412	173,6803	0	-0,2544178	False
53,08697	-76,09354	173,8143	0	-0,2544178	False
51,24201	-76,10297	173,9483	0	-0,2544178	False
49,40311	-76,11239	174,0825	0	-0,2544178	False
47,56024	-76,11948	174,2167	0,04139434	-0,2544178	False
45,56623	-76,11358	174,3618	0,04139434	-0,2544178	False
43,72205	-76,09489	174,4962	0,002662801	-0,2544178	False
41,88653	-76,07197	174,6295	0	-0,2544178	False
40,04917	-76,04903	174,7636	0	-0,2544178	False
38,20262	-76,02598	174,8982	0	-0,2544178	False
36,20232	-76,00101	175,0437	0	-0,2544178	False
34,36524	-75,9781	175,1775	0	-0,2544178	False
32,52956	-75,95523	175,3109	0	-0,2544178	False
30,68953	-75,9323	175,4451	0	-0,2544178	False
28,85363	-75,90942	175,5788	0	-0,2544178	False
27,01668	-75,88654	175,7123	0	-0,2544178	False
25,17165	-75,86355	175,8466	0	-0,2544178	False
23,33072	-75,84059	175,981	0	-0,2544178	False
21,49151	-75,81768	176,1149	0	-0,2544178	False
19,65169	-75,79476	176,2486	0	-0,2544178	False
17,80597	-75,77177	176,3833	0	-0,2544178	False
15,96845	-75,74887	176,5171	0	-0,2544178	False
14,13004	-75,72597	176,6507	0	-0,2544178	False
12,2881	-75,70306	176,7848	-0,01234569	-0,2544178	False
10,44446	-75,68669	176,9193	-0,02202857	-0,2544178	False
8,59976	-75,67782	177,0534	0	-0,2544178	False
6,761969	-75,66903	177,1872	0	-0,2544178	False
4,919663	-75,66023	177,3217	0	-0,2544178	False
3,076642	-75,65563	177,4558	-0,1188574	-0,2544178	False
1,241872	-75,68407	177,5893	-0,09949167	-0,05107722	False
-0,5659053	-75,74114	177,7241	0	0	False
-2,311494	-75,79849	177,8589	0	0	False
-3,967556	-75,85293	177,9913	0	0	False
-5,575616	-75,90579	178,1257	0	0	False
-7,124796	-75,95672	178,2601	0	0	False
-8,580336	-76,00456	178,3937	0	0,8063423	False
-9,800511	-76,04467	178,5277	0	0,8934883	False
-10,74169	-76,07561	178,6619	0	0,5449044	False
-11,53236	-76,10159	178,7958	0	0	False
-12,25949	-76,1255	178,9297	0	0	False
-12,92452	-76,14735	179,0646	0	0	False
-13,52516	-76,16709	179,199	0,01234569	0	False
-14,19514	-76,18704	179,3326	0,04139434	-0,09949167	False
-14,94722	-76,20412	179,4665	0,05107722	-0,09949167	False
-15,76443	-76,21284	179,612	0,1769547	-0,09949167	False
-16,51924	-76,18974	179,7466	0,4868071	-0,09949167	False
-17,39362	-76,08034	179,9038	0,6417332	-0,09949167	False
-18,77595	-75,64754	180,1622	0,661099	-0,09949167	False
-20,04746	-74,82889	180,4304	1	-0,1188574	False
-21,06074	-73,44223	180,698	1	-0,1672719	False
-21,65394	-71,65863	180,9674	0,4190269	-0,322198	False
-22,08244	-68,98746	181,2353	0,322198	-0,409344	False
-22,19572	-66,24577	181,5025	0,2253692	-0,409344	False
-22,09396	-63,5002	181,7701	0	-0,409344	False
-21,96423	-60,74733	182,0387	0	-0,2544178	False
-21,88359	-58,01661	182,3063	-0,2060034	0	False
-21,95695	-55,36959	182,5748	0	0	False
-22,04823	-52,85275	182,8428	0,01234569	0	False
-22,1279	-50,58056	183,1107	0	1	False
-22,1859	-48,92155	183,3791	0	1	False
-22,22131	-47,90861	183,6468	0	1	False
-22,23429	-47,53723	183,915	0	1	False
-22,23437	-47,53521	184,1705	0	0	False
19,5	33,742	184,4278	0	0	False
19,5	33,74163	184,6969	0	0	False
19,5	33,74163	184,8873	0	0	False
19,5	33,74163	185,0537	0	0	False
19,5	33,74163	185,1867	0	0	False
19,5	33,74163	185,3203	0	0	False
19,5	33,74163	185,4543	0	0	False
19,5	33,74163	185,5884	0	0	False
19,5	33,74163	185,7225	0	0	False
19,5	33,74163	185,857	0	0	False
19,5	33,74163	185,9905	0	0	False
19,5	33,74163	186,1245	0	0	False
19,5	33,74163	186,2611	0	0	False
19,5	33,86285	186,4165	0	-0,1672719	False
19,50015	34,29384	186,5749	0,02202857	-0,1866376	False
19,50285	34,75463	186,7411	0,09949167	-0,1866376	False
19,5149	35,12448	186,8741	0,409344	-0,1866376	False
19,55567	35,5176	187,0086	0,5352215	-0,2060034	False
19,64979	35,9761	187,1421	0,5449044	-0,2544178	False
19,87054	36,66496	187,2875	0,5449044	-0,3899783	False
20,20076	37,41823	187,4223	0,5449044	-0,409344	False
20,60853	38,13635	187,5568	0,6804648	-0,409344	False
21,19754	38,88529	187,712	1	-0,409344	False
21,88557	39,45919	187,8585	1	-0,409344	False
22,66381	39,88018	188,0028	0,6514161	-0,409344	False
23,50483	40,18811	188,1468	0,5642702	-0,4287098	False
24,40114	40,40799	188,2809	0,5255386	-0,4771242	False
25,47448	40,55837	188,4268	0,5255386	-0,49649	False
26,46738	40,59809	188,5605	0,322198	-0,49649	False
27,54888	40,57259	188,7055	0	-0,49649	False
28,6228	40,53571	188,8498	0	-0,49649	False
29,80019	40,49527	188,9958	0	-0,6030017	False
31,11246	40,45019	189,1409	0	-0,6030017	False
32,42147	40,40557	189,2855	-0,02202857	-0,6030017	False
33,6314	40,3676	189,4196	-0,002662801	-0,6030017	False
34,83685	40,33116	189,5527	0	-0,6030017	False
36,0954	40,29314	189,6867	0	-0,5642702	False
37,35795	40,25498	189,8203	0	-0,5642702	False
38,63622	40,21635	189,9553	0	-0,5642702	False
39,90675	40,17795	190,0892	0	-0,5642702	False
41,18149	40,13943	190,2242	0	-0,49649	False
42,44487	40,10123	190,3581	0	-0,2737836	False
43,71268	40,06292	190,4924	0	-0,1672719	False
45,07544	40,02174	190,6382	0	0	False
46,27635	39,98544	190,7708	0	0	False
47,5225	39,94778	190,9164	0	0	False
48,69464	39,91236	191,0612	0	0	False
49,71159	39,88163	191,195	0	0	False
50,66253	39,85289	191,3281	0	0	False
51,55375	39,82595	191,4625	0	0	False
52,38129	39,80095	191,5967	0	0	False
53,14111	39,7817	191,73	-0,1382232	0	False
53,8396	39,78182	191,8644	-0,3028322	0	False
54,47198	39,81743	191,9983	-0,3996611	0	False
55,0379	39,89137	192,1324	-0,3996611	0	False
55,82525	40,05745	192,2665	-0,3996611	-0,235052	False
56,96092	40,38647	192,4008	-0,3996611	-0,3609295	False
58,15813	40,83091	192,5362	-0,3996611	-0,3609295	False
59,33173	41,37352	192,6687	-0,5061729	-0,3899783	False
60,47484	42,04135	192,803	-0,6514161	-0,3899783	False
61,53296	42,84268	192,9377	-0,6901477	-0,3899783	False
62,46261	43,78996	193,0719	-1	-0,3899783	False
63,19819	44,88955	193,2061	-1	-0,3899783	False
63,72036	46,11748	193,3415	-0,6514161	-0,3899783	False
64,06322	47,38984	193,475	-0,3802953	-0,3899783	False
64,35983	48,95492	193,6197	-0,2931494	-0,49649	False
64,55798	50,47589	193,7532	-0,3318809	-0,49649	False
64,66441	52,0676	193,8921	-0,3318809	-0,49649	False
64,67519	53,72196	194,0323	-0,0801259	-0,5449044	False
64,65489	55,38239	194,1661	0	-0,6030017	False
64,63092	57,32638	194,3006	0	-0,7869765	False
64,60613	59,33638	194,4346	0	-1	False
64,58103	61,37026	194,57	0	-1	False
64,5565	63,35859	194,7028	0	-1	False
64,53167	65,37172	194,8371	0	-1	False
64,50683	67,38526	194,9711	0	-1	False
64,48204	69,3953	195,1054	0	-1	False
64,45729	71,40269	195,2391	0	-1	False
64,4325	73,41339	195,373	0	-1	False
64,40762	75,43059	195,5074	0	-1	False
64,38301	77,42851	195,6409	0	-0,912854	False
64,35812	79,44635	195,7755	0	-0,912854	False
64,33302	81,48077	195,9111	0	-0,912854	False
64,30851	83,46707	196,0438	0	-0,912854	False
64,2836	85,48632	196,1786	0	-0,912854	False
64,2591	87,47197	196,3108	0	-0,912854	False
64,23434	89,48011	196,4452	0	-0,912854	False
64,20944	91,48293	196,5789	0	-0,7191963	False
64,18439	93,48598	196,7128	0	-0,409344	False
64,15951	95,47595	196,8463	0	-0,3609295	False
64,13448	97,47738	196,9809	0	-0,2060034	False
64,10332	99,47455	197,1152	-0,09949167	-0,0801259	False
64,0329	101,6172	197,2604	-0,08980878	0	False
63,93636	103,5366	197,3947	-0,04139434	0	False
63,83104	105,3826	197,5282	0	0	False
63,72874	107,1695	197,6625	0	0	False
63,6304	108,887	197,7961	0	0	False
63,53531	110,5478	197,9301	0	0	False
63,44427	112,1379	198,064	0	0	False
63,35643	113,6718	198,1985	0	0	False
63,27278	115,1329	198,3318	0	0	False
63,19252	116,5346	198,4658	0	0	False
63,11652	117,8647	198,5994	0,03171146	0	False
63,05632	119,1444	198,7338	0,2931494	0	False
63,059	120,3594	198,8684	0,5545873	0	False
63,17883	121,503	199,0033	1	0	False
63,47113	122,5516	199,1382	1	0	False
63,92294	123,4638	199,2723	1	0	False
64,49474	124,2207	199,4063	1	0	False
65,14906	124,815	199,5397	1	0	False
65,85072	125,2463	199,6736	0,6707819	0	False
66,73042	125,6185	199,8074	0,5255386	-0,2544178	False
68,24076	126,1008	199,9405	0,322198	-0,5158557	False
70,05563	126,5575	200,0746	0,2931494	-0,5449044	False
71,89624	126,9113	200,2084	0,3609295	-0,5449044	False
73,77547	127,1385	200,3441	0,4190269	-0,5449044	False
75,65212	127,2205	200,4784	0,3415638	-0,5449044	False
77,522	127,1881	200,6119	0,1963205	-0,5449044	False
79,38984	127,1023	200,7456	0	-0,5449044	False
81,27848	127,0122	200,88	0	-0,5642702	False
83,19295	126,9419	201,0139	-0,2060034	-0,5642702	False
85,1058	126,9285	201,1479	0	-0,5642702	False
87,02341	126,9248	201,2825	0	-0,5642702	False
88,94188	126,9209	201,4172	0	-0,5642702	False
90,84908	126,9172	201,5502	0	-0,5642702	False
92,76469	126,9255	201,6844	-0,1672719	-0,5642702	False
94,68005	126,9791	201,8189	0	-0,5642702	False
96,59385	127,0418	201,9529	0	-0,5642702	False
98,50558	127,1044	202,087	0	-0,2544178	False
100,4103	127,1667	202,2214	0	-0,05107722	False
102,3138	127,229	202,3558	0	0	False
104,1583	127,2893	202,4896	0	0	False
105,9422	127,3477	202,624	0	0	False
107,6633	127,404	202,7585	0	0	False
109,3017	127,4576	202,8911	0	0	False
110,8923	127,5096	203,0256	0	0	False
112,412	127,5592	203,1592	0	0	False
113,8735	127,607	203,2932	0	0	False
115,266	127,6525	203,4269	0,01234569	0	False
116,5965	127,6898	203,5612	0,1672719	0	False
117,8706	127,6845	203,6959	0,3609295	0	False
119,0666	127,5959	203,8292	0,5255386	0	False
120,1925	127,4035	203,9641	0,5836359	0	False
121,2155	127,1105	204,0969	0,6417332	0	False
122,1359	126,7055	204,2302	1	0	False
122,9205	126,1699	204,3649	1	0	False
123,5929	125,4858	204,5113	1	0	False
124,3214	124,1797	204,7589	0,6804648	0	False
124,9664	121,3048	205,0266	0,1769547	-0,6707819	False
125,5601	117,3267	205,295	0,03171146	-0,912854	False
126,0137	113,3415	205,5623	0,3706124	-0,912854	False
126,0338	109,3249	205,8301	0	-0,912854	False
125,9447	105,3126	206,0977	0	-0,912854	False
125,8713	101,29	206,3659	0	-0,912854	False
125,8085	97,26985	206,6341	0	-0,8934883	False
125,7678	93,76365	206,8678	-0,070443	-0,8934883	False
125,7795	90,57755	207,0803	0	-0,8934883	False
125,7936	87,38647	207,293	0	-0,8741225	False
125,8076	84,20742	207,5051	0	-0,8741225	False
125,8238	80,52023	207,7508	0	-0,8257081	False
125,8378	77,35391	207,9625	0	-0,6998306	False
125,8466	75,35684	208,0959	0	-0,6030017	False
125,8553	73,37306	208,2286	0	-0,322198	False
125,8641	71,37418	208,363	0	-0,2737836	False
125,873	69,37225	208,4973	0	-0,2737836	False
125,8818	67,36909	208,6316	0	-0,2737836	False
125,8906	65,37766	208,7651	0	-0,2737836	False
125,8994	63,37127	208,9	0	-0,2737836	False
125,9082	61,37547	209,0337	0	-0,2737836	False
125,9208	58,51629	209,2257	0	-0,2737836	False
125,9354	55,20632	209,4479	0	-0,2737836	False
125,9457	52,87065	209,6046	0	-0,2737836	False
125,9545	50,87913	209,7383	0	-0,03171146	False
125,9638	48,75268	209,8833	0	0	False
125,9722	46,85209	210,017	0	0	False
125,9803	45,0077	210,1511	0	0	False
125,9888	43,08823	210,2963	0	0	False
125,9963	41,37999	210,4299	0	0	False
126,0042	39,57766	210,5766	0	0	False
126,0112	38,00221	210,7098	0	0	False
126,019	36,23037	210,8666	0	0	False
126,0259	34,65927	211,0114	0	0	False
126,0326	33,14646	211,1572	0	0	False
126,0384	31,8201	211,2911	0	0	False
126,0444	30,46096	211,4359	0	0	False
126,0497	29,26283	211,5698	0	0	False
126,0547	28,12775	211,7044	0	0	False
126,0596	27,05933	211,8384	-0,03171146	0	False
126,0713	25,97847	211,983	-0,1188574	0	False
126,1012	25,04294	212,1165	-0,1091745	0	False
126,1469	24,16527	212,2509	-0,03171146	0	False
126,1944	23,35863	212,3846	0	0	False
126,247	22,46691	212,5194	0	-0,1188574	False
126,3063	21,46253	212,6528	0	-0,1188574	False
126,3668	20,43713	212,787	0	-0,1188574	False
126,4295	19,37479	212,9221	0	-0,1188574	False
126,4969	18,20575	213,0664	0,1188574	-0,1188574	False
126,5304	17,12008	213,2006	0,3996611	-0,1188574	False
126,4623	15,75728	213,3692	0,6417332	-0,1188574	False
125,9717	13,91881	213,6049	1	-0,1188574	False
124,7295	12,14466	213,8736	1	-0,1188574	False
122,9266	10,95057	214,142	1	-0,1188574	False
120,7181	10,48809	214,4101	0,661099	-0,1672719	False
117,4907	10,67724	214,6782	0	-0,4287098	False
113,9026	10,96184	214,9457	-0,1188574	-0,5158557	False
110,0357	11,05403	215,2133	-0,3028322	-0,5642702	False
106,0762	10,8443	215,4816	0	-0,5449044	False
102,1177	10,63762	215,7497	0,0801259	-0,5449044	False
98,16587	10,5537	216,0171	0,2253692	-0,5449044	False
94,20904	10,71356	216,2857	0	0	False
90,35747	10,92183	216,5539	0	0	False
86,6396	11,1229	216,8216	0	0,2060034	False
83,44535	11,29568	217,0669	0	1	False
81,38295	11,40724	217,2575	0	1	False
80,09093	11,47713	217,4133	0	1	False
78,9228	11,54031	217,592	-0,002662801	0	False
77,66233	11,60324	217,8033	-0,05107722	0	False
76,6171	11,64233	217,9948	-0,04139434	0	False
75,27065	11,67732	218,2628	0	0	False
74,05865	11,70571	218,5297	0	0	False
73,42362	11,72058	218,6864	0	0	False
72,86697	11,73361	218,8422	0	0	False
72,44986	11,74336	218,9767	-0,02202857	0	False
72,05701	11,75039	219,1221	-0,1188574	-0,03171146	False
71,30666	11,74151	219,2777	-0,2641007	-0,2060034	False
70,49797	11,68879	219,4232	-0,3512467	-0,2060034	False
69,62378	11,56479	219,579	-0,4771242	-0,235052	False
68,76586	11,35857	219,7124	-0,4771242	-0,3415638	False
67,56492	10,9501	219,8594	-0,4771242	-0,409344	False
66,37406	10,41419	220,0036	-0,4674413	-0,409344	False
65,2141	9,753428	220,148	-0,4771242	-0,4480756	False
64,11562	8,977075	220,282	-0,6417332	-0,4771242	False
63,12631	8,06137	220,4159	-1	-0,4771242	False
62,3241	6,987131	220,5489	-1	-0,4771242	False
61,72928	5,769331	220,6841	-1	-0,4771242	False
61,33189	4,48248	220,8179	-0,3996611	-0,4480756	False
61,02004	3,056497	220,9628	-0,2544178	-0,4480756	False
60,80057	1,730652	221,0963	-0,2737836	-0,4480756	False
60,64967	0,3898848	221,2301	-0,4287098	-0,4480756	False
60,60276	-0,9559703	221,3639	-0,4190269	-0,4480756	False
60,65082	-2,314498	221,4993	-0,03171146	-0,4480756	False
60,72456	-3,664092	221,6333	0	-0,4480756	False
60,79859	-5,015482	221,7677	0	-0,4480756	False
60,87708	-6,483391	221,9014	0,03171146	-0,5642702	False
60,95573	-8,119944	222,0366	0,03171146	-0,6030017	False
61,02958	-9,876383	222,1692	0,03171146	-0,6998306	False
61,09572	-11,73278	222,3036	0,06076011	-0,6998306	False
61,14239	-13,62935	222,4375	0,09949167	-0,6998306	False
61,15145	-15,60494	222,5711	0,1769547	-0,6998306	False
61,10244	-17,61579	222,7052	0,03171146	-0,6998306	False
61,03209	-19,6264	222,8396	0	-0,6998306	False
60,96289	-21,62978	222,973	-0,070443	-0,6707819	False
60,92433	-23,64874	223,1076	-0,070443	-0,6707819	False
60,91311	-25,65959	223,242	0	-0,6514161	False
60,90247	-27,66478	223,3804	0	-0,6514161	False
60,89182	-29,67036	223,5093	0	-0,6514161	False
60,88119	-31,67306	223,6432	0	-0,6514161	False
60,87051	-33,68067	223,7771	0	-0,6514161	False
60,86203	-35,68842	223,9108	-0,070443	-0,6514161	False
60,87569	-37,70987	224,0458	-0,070443	-0,322198	False
60,9137	-39,67916	224,1788	-0,02202857	0	False
60,96194	-41,60745	224,3121	0	0	False
61,00925	-43,4862	224,4469	0	0,09949167	False
61,05496	-45,30099	224,5816	0	0,2931494	False
61,09783	-47,00229	224,717	0	0,8063423	False
61,1341	-48,44183	224,8507	0	0,8063423	False
61,16337	-49,60376	224,9844	0	1	False
61,18485	-50,45633	225,119	0	1	False
61,19822	-50,98684	225,2538	0	1	False
61,20337	-51,19132	225,3876	0	1	False
61,20344	-51,19431	225,5214	0	1	False
61,20344	-51,1943	225,6555	0	0	False
61,20344	-51,19429	225,7892	0	0	False
61,20344	-51,19429	225,9237	0	0	False
61,20344	-51,19429	226,0577	0	0	False
61,20344	-51,19429	226,1909	0	0	False
61,20344	-51,19429	226,3251	0	0	False
61,20344	-51,19429	226,4602	0	0	False
61,20344	-51,19429	226,5932	0	0	False
19,5	33,74162	226,7285	0	0	False
19,5	33,74163	226,8607	0	0	False
19,5	33,74163	226,995	0	0	False
19,5	33,74163	227,1288	0	0	False
19,5	33,74163	227,2636	0	0	False
19,5	33,74163	227,4085	0	0	False
19,5	33,74163	227,5429	0	0	False
19,5	33,74163	227,6779	0	0	False
19,5	33,74163	227,8122	0	0	False
19,5	33,74163	227,945	0	0	False
19,5	33,74163	228,0788	0	0	False
19,5	33,74163	228,2124	0	0	False
19,5	33,74163	228,3473	0	0	False
19,5	33,90073	228,4824	0	-0,09949167	False
19,49998	34,41008	228,64	0	-0,2931494	False
19,49998	35,04329	228,7852	0	-0,2931494	False
19,5	35,67607	228,9304	0	-0,2931494	False
19,49869	36,36441	229,0879	-0,2060034	-0,2931494	False
19,47108	37,0386	229,2312	-0,4190269	-0,322198	False
19,36632	37,83957	229,3988	-0,5933188	-0,322198	False
19,09916	38,78215	229,5902	-0,6126846	-0,3899783	False
18,63907	39,78932	229,7579	-0,6126846	-0,4480756	False
17,89363	40,91253	229,9588	-0,6804648	-0,4480756	False
17,00732	41,78735	230,1372	-1	-0,4771242	False
15,91598	42,43749	230,3153	-0,6320504	-0,4771242	False
15,02845	42,791	230,4486	-0,4190269	-0,4771242	False
14,0783	43,08385	230,5826	-0,3318809	-0,5158557	False
12,98194	43,34423	230,7279	-0,4190269	-0,5158557	False
11,86574	43,51323	230,8739	-0,3706124	-0,5158557	False
10,75203	43,59465	231,0186	-0,2253692	-0,5158557	False
9,708011	43,62797	231,1533	0	-0,5158557	False
8,673128	43,65414	231,2871	0	-0,5158557	False
7,638007	43,68032	231,4213	0	-0,5158557	False
6,533209	43,70824	231,5551	0	-0,6030017	False
5,313747	43,73905	231,6892	0	-0,6320504	False
3,813582	43,77695	231,8357	0	-0,6998306	False
2,186421	43,81806	231,9904	0	-0,6998306	False
0,7787205	43,85362	232,1249	0	-0,6998306	False
-0,6261575	43,88911	232,2588	0	-0,6998306	False
-2,029127	43,92455	232,3921	0	-0,6998306	False
-3,656742	43,96567	232,5472	0	-0,6998306	False
-5,046356	44,00078	232,68	0	-0,5642702	False
-6,444765	44,03611	232,8137	0	-0,0801259	False
-7,819027	44,07082	232,9477	0	0	False
-9,132201	44,10398	233,0822	0	0	False
-10,3835	44,1356	233,2168	0	0	False
-11,57087	44,16292	233,3512	-0,05107722	0	False
-12,70106	44,17772	233,4867	-0,06076011	0	False
-13,61754	44,17951	233,6197	-0,06076011	1	False
-14,2243	44,17392	233,7544	-0,06076011	1	False
-14,50382	44,16833	233,8872	-0,06076011	1	False
-14,52672	44,16768	234,0217	-0,05107722	0	False
-14,54433	44,16689	234,1555	-0,01234569	-0,05107722	False
-15,00437	44,14568	234,3013	0	-0,3609295	False
-15,91023	44,1039	234,436	0	-0,5158557	False
-17,09871	44,04908	234,5695	0	-0,6320504	False
-18,44942	43,98676	234,7036	0	-0,6998306	False
-19,91518	43,91916	234,8374	0	-0,7385621	False
-21,39151	43,85107	234,9703	0	-0,7385621	False
-22,87559	43,78263	235,1048	0	-0,7385621	False
-24,67566	43,69961	235,2401	0	-1	False
-26,68637	43,60686	235,3743	0	-1	False
-28,68235	43,51481	235,5072	0	-1	False
-30,69592	43,42276	235,6418	0,06076011	-1	False
-32,68393	43,34748	235,7745	0,04139434	-1	False
-34,68774	43,28714	235,9079	0	-1	False
-36,69836	43,22755	236,0422	0	-1	False
-38,72572	43,16745	236,1775	0	-1	False
-40,7246	43,11131	236,3105	0,09949167	-1	False
-42,73514	43,09034	236,4448	0,0801259	-1	False
-44,73874	43,09977	236,5784	0	-1	False
-46,76497	43,111	236,7132	0	-1	False
-48,78313	43,1222	236,8478	0	-1	False
-50,78554	43,1333	236,9815	0	-1	False
-52,79299	43,14671	237,1154	0,02202857	-1	False
-54,80758	43,16597	237,2495	0	-1	False
-56,83429	43,18571	237,3849	0	-1	False
-58,91022	43,20594	237,5232	0	-1	False
-60,8476	43,22573	237,6521	0,05107722	-1	False
-62,86509	43,2641	237,7867	0,0801259	-1	False
-64,86649	43,32755	237,9204	0,01234569	-1	False
-66,87888	43,39977	238,0551	0,002662801	-0,6998306	False
-68,89088	43,47313	238,1897	0,002662801	-0,3609295	False
-70,87451	43,54646	238,3231	0	-0,3609295	False
-72,86914	43,62066	238,4572	0	-0,2737836	False
-74,85531	43,69452	238,591	0	0	False
-76,77994	43,76608	238,7251	0	0	False
-78,64255	43,8353	238,859	0	0	False
-80,44082	43,90211	238,9926	0	0	False
-82,17599	43,96658	239,1266	0	0	False
-83,84667	44,02865	239,2609	0	0	False
-85,44989	44,08821	239,3946	0	0	False
-86,99361	44,14556	239,5284	0	0	False
-88,48003	44,20078	239,6634	0	0	False
-89,89175	44,24973	239,7972	-0,1382232	0	False
-91,2474	44,25543	239,9316	-0,4480756	0	False
-92,53008	44,15881	240,0656	-0,6901477	0	False
-93,70999	43,89573	240,1987	-1	0	False
-94,86662	43,39376	240,3323	-1	-0,1188574	False
-96,13968	42,53228	240,4665	-1	-0,235052	False
-97,42535	41,31347	240,6013	-0,6223675	-0,3899783	False
-98,70901	39,77291	240,7358	-0,6223675	-0,4480756	False
-99,79436	38,11054	240,868	-0,6514161	-0,49649	False
-100,7279	36,12952	241,0143	-1	-0,5449044	False
-101,2252	34,17278	241,1488	-1	-0,5449044	False
-101,4006	32,19423	241,2816	-0,5061729	-0,5449044	False
-101,4094	30,18021	241,416	-0,070443	-0,5449044	False
-101,3722	28,18319	241,5488	0	-0,5449044	False
-101,3341	26,16186	241,684	0	-0,6998306	False
-101,296	24,14978	241,8182	0	-0,6998306	False
-101,2581	22,14245	241,9517	0	-0,6998306	False
-101,2279	20,13306	242,0857	0,08980878	-0,6998306	False
-101,2283	18,11893	242,2201	0,01234569	-0,6998306	False
-101,2403	16,1082	242,3539	0	-0,6998306	False
-101,2523	14,10354	242,4875	0	-0,6998306	False
-101,2644	12,08822	242,6223	0	-0,6998306	False
-101,2765	10,08085	242,756	0	-0,5836359	False
-101,2886	8,08013	242,8895	0	-0,2931494	False
-101,3007	6,064623	243,0247	0	-0,2931494	False
-101,3127	4,064597	243,1586	0	-0,2931494	False
-101,3248	2,061613	243,2925	0	-0,2060034	False
-101,3366	0,08728248	243,4258	0	0	False
-101,349	-1,836994	243,5599	0,01234569	0	False
-101,3649	-3,702949	243,6944	0,01234569	0	False
-101,3844	-5,495936	243,8278	0,01234569	0	False
-101,4068	-7,232335	243,9625	0	0	False
-101,4309	-9,0504	244,1081	0	0	False
-101,452	-10,64763	244,242	0	0	False
-101,4725	-12,19519	244,3766	0	0	False
-101,4882	-13,67593	244,5109	-0,2253692	0	False
-101,4324	-15,20375	244,6567	-0,6320504	0	False
-101,0796	-17,06965	244,8467	-1	0	False
-99,86227	-19,31793	245,1157	-1	0	False
-98,03859	-20,93103	245,3844	-0,5158557	0	False
-95,15393	-22,55075	245,6526	-0,3996611	-0,3609295	False
-91,52185	-23,86907	245,9205	-0,6126846	-0,4287098	False
-87,53867	-24,41028	246,1888	-0,2060034	-0,4771242	False
-83,51116	-24,58833	246,4576	0	-0,49649	False
-79,49486	-24,75698	246,7256	-0,1382232	-0,5158557	False
-75,47575	-24,79178	246,9936	0	-0,5158557	False
-71,45554	-24,79375	247,2617	0	-0,49649	False
-67,44367	-24,7837	247,5291	0	-0,49649	False
-63,4315	-24,75063	247,7967	0	-0,5158557	False
-59,41727	-24,71755	248,0644	0	-0,49649	False
-55,39893	-24,68447	248,3324	0	-0,49649	False
-51,38231	-24,65137	248,6009	0	0	False
-47,4755	-24,61919	248,8681	0	0	False
-44,11816	-24,59155	249,1135	0	1	False
-42,09718	-24,5749	249,293	0	1	False
-40,6035	-24,56261	249,4592	0	1	False
-39,66008	-24,55484	249,6037	0	1	False
-39,10461	-24,55026	249,7378	0	0	False
-38,6259	-24,54632	249,8841	0	-0,0801259	False
-37,40629	-24,53627	250,0973	0	-0,235052	False
-35,14457	-24,51764	250,3643	0	-0,4287098	False
-32,61073	-24,49673	250,6328	0	-0,4287098	False
-30,55429	-24,47975	250,845	0	-0,4287098	False
-28,39318	-24,46192	251,0684	0	-0,4287098	False
-26,44119	-24,44581	251,2697	0	-0,4287098	False
-24,71607	-24,43157	251,448	0	-0,4287098	False
-22,72324	-24,41512	251,6488	0	-0,4480756	False
-20,48169	-24,39663	251,8735	0	-0,4480756	False
-18,37459	-24,37924	252,0849	0	-0,4480756	False
-16,14326	-24,36082	252,3085	0	-0,4480756	False
-14,14102	-24,3443	252,509	0	-0,4480756	False
-12,02282	-24,32682	252,7217	0	-0,4480756	False
-10,01478	-24,31026	252,923	0	-0,4480756	False
-8,461829	-24,29744	253,0788	0	-0,4480756	False
-6,791748	-24,28366	253,2462	0	-0,4480756	False
-4,956167	-24,26852	253,4133	0	-0,5642702	False
-2,363606	-24,24713	253,6149	0	-0,7191963	False
1,095214	-24,21859	253,8498	0	-0,912854	False
4,616242	-24,18954	254,0849	0	-1	False
7,78605	-24,16339	254,2961	0	-1	False
10,79935	-24,13853	254,4971	0	-1	False
13,30972	-24,11782	254,6644	0	-1	False
15,65149	-24,09849	254,8206	0	-1	False
17,66006	-24,08191	254,9544	0	-1	False
19,67931	-24,06524	255,0888	0	-1	False
21,84651	-24,04736	255,2334	0	-1	False
24,21642	-24,02779	255,3915	0	-1	False
26,73109	-24,00704	255,5592	0	-1	False
29,3941	-23,98506	255,7368	0	-0,912854	False
31,39717	-23,96853	255,8702	0	-0,8257081	False
33,40536	-23,95195	256,0046	0	-0,8257081	False
35,40071	-23,93548	256,1384	0	-0,2060034	False
37,3976	-23,919	256,2731	0	0	False
39,31214	-23,90319	256,4064	0	0	False
41,17636	-23,8878	256,541	0	0	False
42,96157	-23,87307	256,6739	0	0	False
44,69561	-23,85876	256,8081	0	0	False
46,32363	-23,84532	256,9413	0	0,8741225	False
47,69702	-23,83398	257,075	0	1	False
48,75732	-23,8252	257,2094	0	1	False
49,49259	-23,81913	257,3438	0	1	False
49,91374	-23,81566	257,4786	0	0,5158557	False
50,19824	-23,81331	257,6119	0	-0,03171146	False
50,77003	-23,80858	257,7455	0	-0,1672719	False
51,41286	-23,80327	257,892	0	-0,1672719	False
52,16855	-23,79703	258,0483	0	-0,2737836	False
53,18615	-23,78863	258,1828	0	-0,3899783	False
54,44514	-23,77824	258,3405	0	-0,409344	False
55,51509	-23,76941	258,4739	0	-0,409344	False
56,61041	-23,75218	258,6075	-0,3512467	-0,4287098	False
57,71915	-23,66667	258,7416	-0,6320504	-0,409344	False
58,98162	-23,39092	258,8975	-1	-0,3609295	False
59,99749	-22,94198	259,0313	-1	-0,3609295	False
60,91065	-22,31308	259,165	-1	-0,3609295	False
61,78669	-21,41379	259,3112	-1	-0,3899783	False
62,66401	-19,95648	259,5024	-0,6901477	-0,409344	False
63,47135	-17,63191	259,7709	-0,1091745	-0,4287098	False
64,10256	-15,1346	260,0391	-0,5449044	-0,4480756	False
64,33236	-12,57379	260,3069	-0,1479061	-0,4480756	False
64,39426	-9,997463	260,5755	0	-0,4480756	False
64,44299	-7,911407	260,7967	0	0	False
64,47803	-6,411055	260,9648	0	0	False
64,50678	-5,181816	261,1103	0	0	False
64,53563	-3,946955	261,2649	0	0	False
64,55893	-2,949044	261,3985	0	0	False
64,58097	-2,005833	261,5329	0	0	False
64,60142	-1,130662	261,6672	0	0	False
64,62037	-0,3192816	261,8017	0	0	False
64,6379	0,4314213	261,9366	0	0	False
64,6768	2,105651	262,1947	-0,04139434	-0,1188574	False
64,63445	4,04497	262,4524	-0,5449044	-0,2060034	False
64,1276	6,208996	262,7197	-1	-0,2060034	False
62,92472	8,010318	262,9762	-1	-0,235052	False
61,71928	8,996045	263,131	-1	-0,409344	False
59,9381	9,955316	263,2875	-0,661099	-0,5449044	False
58,10829	10,63824	263,4325	-0,4480756	-0,5836359	False
56,0243	11,20161	263,5781	-0,409344	-0,6514161	False
53,71684	11,61187	263,7345	-0,5352215	-0,6514161	False
51,54642	11,75968	263,8795	-0,4771242	-0,6514161	False
49,34624	11,71818	264,0262	-0,1285403	-0,6707819	False
47,18087	11,6125	264,1705	0	-0,7385621	False
45,01712	11,50491	264,3152	0	-0,7579279	False
42,50637	11,38008	264,4828	0	-0,8934883	False
40,33267	11,27221	264,6276	0,02202857	-0,912854	False
38,14735	11,17404	264,7735	0,0801259	-0,912854	False
36,13705	11,11592	264,9076	0,1866376	-1	False
33,80552	11,13393	265,0633	0,2253692	-1	False
31,79995	11,23404	265,1972	0,03171146	-1	False
29,78452	11,35457	265,3316	0	-1	False
27,78132	11,47363	265,4653	-0,1091745	-1	False
25,77693	11,55249	265,5994	-0,2544178	-1	False
23,75857	11,54622	265,7339	-0,0801259	-0,8741225	False
21,59177	11,49641	265,8786	0	-0,8257081	False
19,58353	11,44911	266,0125	0	-0,7869765	False
17,56531	11,40158	266,1475	0	-0,5836359	False
15,58814	11,35505	266,2806	0	-0,1188574	False
13,59305	11,3081	266,4149	0	-0,05107722	False
11,5995	11,2612	266,5489	0	-0,05107722	False
9,608124	11,21435	266,6834	0	-0,05107722	False
7,620333	11,16758	266,8171	0	-0,05107722	False
5,621771	11,12056	266,9508	0	-0,09949167	False
3,603212	11,07307	267,0854	0	-0,09949167	False
1,602189	11,02599	267,219	0	0	False
-0,3566813	10,97991	267,3528	0	0	False
-2,250598	10,93535	267,4868	0	0	False
-4,080414	10,8923	267,6209	0	0,409344	False
-5,758577	10,85281	267,7554	0	0,8257081	False
-7,163916	10,81975	267,8888	0	0,912854	False
-8,269874	10,79373	268,023	0	1	False
-9,056651	10,77522	268,1571	0	0,6707819	False
-9,63419	10,76158	268,2908	-0,01234569	0	False
-10,14291	10,74416	268,4247	-0,2253692	0	False
-10,58645	10,71227	268,5583	-0,235052	0	False
-11,07107	10,65799	268,6929	-0,02202857	-0,1188574	False
-11,77561	10,57425	268,826	0	-0,2060034	False
-12,60783	10,47535	268,9604	0	-0,235052	False
-13,53445	10,36524	269,1063	0	-0,235052	False
-14,38617	10,26402	269,2404	0	-0,235052	False
-15,26021	10,16163	269,375	0,157589	-0,2544178	False
-16,15306	10,07992	269,5088	0,3996611	-0,2544178	False
-17,05224	10,06302	269,6436	0,6126846	-0,2544178	False
-18,0171	10,15843	269,7885	0,661099	-0,2544178	False
-18,89114	10,37028	269,9234	1	-0,2544178	False
-19,70727	10,73364	270,0573	1	-0,2544178	False
-20,55327	11,33598	270,2126	1	-0,2544178	False
-21,21313	12,05837	270,3594	1	-0,2544178	False
-21,67287	12,81914	270,4923	1	-0,2544178	False
-22,02319	13,7267	270,6382	0,5352215	-0,2544178	False
-22,29365	14,73041	270,7934	0	-0,2544178	False
-22,59694	15,93887	270,9613	0	-0,4480756	False
-22,94399	17,3432	271,1067	0,2447349	-0,4771242	False
-23,21449	18,66236	271,2409	0,3609295	-0,49649	False
-23,40354	20,03385	271,3751	0,3318809	-0,49649	False
-23,50595	21,40148	271,5083	0,322198	-0,01234569	False
-23,52883	22,73125	271,6418	0,2060034	0	False
-23,5027	24,00548	271,7758	0,0801259	0	False
-23,45872	25,21734	271,91	0,06076011	0	False
-23,40452	26,35859	272,0439	0,05107722	0	False
-23,34406	27,43874	272,1782	0,03171146	0,5449044	False
-23,29033	28,30843	272,3116	0,01234569	1	False
-23,25153	28,90575	272,4584	0	1	False
-23,23525	29,15603	272,6034	0	1	False
-23,23481	29,16291	272,7477	0	0	False
-23,23481	29,16291	272,8827	0	0	False
-23,23481	29,16291	273,016	0	0	False
-23,23481	29,16291	273,1501	0	0	False
19,5	33,74163	273,2968	0	0	False
19,5	33,74163	273,4432	0	0	False
19,5	33,74163	273,5881	0	0	False
19,5	33,74163	273,7449	0	0	False
19,5	33,74163	273,9355	0	0	False
19,5	33,74163	274,1123	0	0	False
19,5	33,74163	274,3031	0	0	False
19,5	33,74163	274,4915	0	0	False
19,5	33,74163	274,6243	0	0	False
19,5	33,74163	274,7579	0	0	False
19,5	33,74163	274,8909	0	0	False
19,5	33,74163	275,0271	0	0	False
19,5	33,74163	275,1613	0	0	False
19,5	33,74163	275,2953	0	0	False
19,5	33,74163	275,4288	0	0	False
19,5	33,74163	275,564	0	0	False
19,5	33,74163	275,6974	0	0	False
19,5	33,74163	275,8317	0	0	False
19,5	33,74163	275,9768	0	0	False
19,5	33,74163	276,1234	0	0	False
19,5	33,74163	276,2577	0	0	False
19,5	33,74163	276,3914	0	0	False
19,5	33,74163	276,5251	0	0	False
19,5	33,74163	276,6589	0	0	False
19,5	33,74163	276,7928	0	0	False
19,5	33,74163	276,9246	0	0	False
19,5	33,74163	277,0594	0	0	False
19,5	33,74163	277,1926	0	0	False
19,5	33,74163	277,3271	0	0	False
19,5	33,74163	277,4616	0	0	False
19,5	33,74163	277,5957	0	0	False
19,5	33,74163	277,7298	0	0	False
19,5	33,74163	277,8639	0	0	False
19,5	33,74163	277,9987	0	0	False
19,5	33,74163	278,1314	0	0	False
