19,5	33,74163	2,389173	0	0	False
19,5	33,74163	2,656132	0	0	False
19,5	33,74163	2,92413	0	0	False
19,5	33,74163	3,192269	0	0	False
19,5	33,74163	3,450202	0	0	False
19,5	33,74163	3,706465	0	0	False
19,5	33,74163	3,974101	0	0	False
19,5	33,74163	4,242395	0	0	False
19,5	33,74163	4,510617	0	0	False
19,5	33,74163	4,779002	0	0	False
19,5	33,74163	5,047033	0	0	False
19,5	33,74163	5,315413	0	0	False
19,5	33,74163	5,583186	0	0	False
19,5	33,74163	5,85135	0	0	False
19,5	33,74163	6,119316	0	0	False
19,5	33,74163	6,38692	0	0	False
19,5	33,74163	6,656566	0	0	False
19,5	33,74163	6,924155	0	0	False
19,5	33,74163	7,191826	0	0	False
19,5	33,74163	7,45914	0	0	False
19,5	33,74163	7,72783	0	0	False
19,5	33,74163	7,996019	0	0	False
19,5	33,74163	8,27477	0	0	False
19,5	33,74163	8,543203	0	0	False
19,5	33,74163	8,812263	0	0	False
19,5	33,74163	9,080441	0	0	False
19,5	33,74163	9,348604	0	0	False
19,5	33,74163	9,616693	0	0	False
19,5	33,74163	9,897367	0	0	False
19,5	33,74163	10,16428	0	0	False
19,5	33,74163	10,43354	0	0	False
19,5	33,74163	10,70021	0	0	False
19,5	33,74163	10,96816	0	0	False
19,5	33,74163	11,23676	0	0	False
19,5	33,74163	11,51516	0	0	False
19,5	33,74163	11,78343	0	0	False
19,5	33,74163	12,05255	0	0	False
19,5	33,74163	12,31932	0	0	False
19,5	33,74163	12,52991	0	0	False
19,5	33,74163	12,79892	0	0	False
19,5	33,74163	13,04499	0	0	False
19,5	33,74163	13,17906	0	0	False
19,5	33,74163	13,31313	0	0	False
19,5	33,74163	13,44605	0	0	False
19,5	33,74163	13,57982	0	0	False
19,5	33,74163	13,71531	0	0	False
19,5	33,74163	13,92683	0	0	False
19,5	33,74163	14,19512	0	0	False
19,5	33,74163	14,46327	0	0	False
19,5	33,74163	14,73155	0	0	False
19,5	33,74163	14,99946	0	0	False
19,5	33,74163	15,26758	0	0	False
19,5	33,74163	15,53605	0	0	False
19,5	33,74163	15,80328	0	0	False
19,5	33,74163	16,07097	0	0	False
19,5	33,74163	16,33954	0	0	False
19,5	33,74163	16,60765	0	0	False
19,5	33,74163	16,8758	0	0	False
19,5	33,74163	17,14471	0	0	False
19,5	33,74163	17,41253	0	0	False
19,5	33,74163	17,68073	0	0	False
19,5	33,74163	17,94887	0	0	False
19,5	33,74163	18,21648	0	0	False
19,5	33,74163	18,48464	0	0	False
19,5	33,74163	18,75259	0	0	False
19,5	33,74163	19,02061	0	0	False
19,5	33,74163	19,2891	0	0	False
19,5	33,74163	19,557	0	0	False
19,5	33,74163	19,82466	0	0	False
19,5	33,74163	20,0934	0	0	False
19,5	33,74163	20,36141	0	0	False
19,5	33,74163	20,62962	0	0	False
19,5	33,74163	20,89776	0	0	False
19,5	33,74163	21,16589	0	0	False
19,5	33,74163	21,43404	0	0	False
19,5	33,74163	21,70136	0	0	False
19,5	33,74163	21,97086	0	0	False
19,5	33,74163	22,23837	0	0	False
19,5	33,74163	22,5065	0	0	False
19,5	33,74163	22,77341	0	0	False
19,5	33,74163	23,04215	0	0	False
19,5	33,74163	23,31072	0	0	False
19,5	33,74163	23,57919	0	0	False
19,5	33,74163	23,84766	0	0	False
19,5	33,74163	24,11439	0	0	False
19,5	33,74163	24,38272	0	0	False
19,5	33,74163	24,65104	0	0	False
19,5	33,74163	24,91887	0	0	False
19,5	33,74163	25,18668	0	0	False
19,5	33,74163	25,45421	0	0	False
19,5	33,74163	25,72258	0	0	False
19,5	33,74163	25,99041	0	0	False
19,5	33,74163	26,2587	0	0	False
19,5	33,74163	26,52773	0	0	False
19,5	33,74163	26,79521	0	0	False
19,5	33,74163	27,06336	0	0	False
19,5	33,74163	27,33167	0	0	False
19,5	33,74163	27,59954	0	0	False
19,5	33,74163	27,86737	0	0	False
19,5	33,74163	28,13556	0	0	False
19,5	33,74163	28,40365	0	0	False
19,5	33,74163	28,67153	0	0	False
19,5	33,74163	28,93883	0	0	False
19,5	33,74163	29,2084	0	0	False
19,5	33,74163	29,4758	0	0	False
19,5	33,74163	29,74373	0	0	False
19,5	33,74163	30,01259	0	0	False
19,5	33,74163	30,28028	0	0	False
19,5	33,74163	30,54903	0	0	False
19,5	33,74163	30,81644	0	0	False
19,5	33,74163	31,08487	0	0	False
19,5	33,74163	31,35206	0	0	False
19,5	33,74163	31,61975	0	0	False
19,5	33,74163	31,88805	0	0	False
19,5	33,74163	32,15663	0	0	False
19,5	33,74163	32,42686	0	0	False
19,5	33,74163	32,69248	0	0	False
19,5	33,74163	32,96115	0	0	False
19,5	33,74163	33,21788	0	0	False
19,5	33,74163	33,4856	0	0	False
19,5	33,74163	33,75327	0	0	False
19,5	33,74163	34,01173	0	0	False
19,5	33,74163	34,27936	0	0	False
19,5	33,74163	34,54829	0	0	False
19,5	33,74163	34,81557	0	0	False
19,5	33,74163	35,08353	0	0	False
19,5	33,74163	35,35089	0	0	False
19,5	33,74163	35,61935	0	0	False
19,5	33,74163	35,88811	0	0	False
19,5	33,74163	36,15545	0	0	False
19,5	33,74163	36,42407	0	0	False
19,5	33,74163	36,69184	0	0	False
19,5	33,74163	36,96038	0	0	False
19,5	33,74163	37,22871	0	0	False
19,5	33,74163	37,49641	0	0	False
19,5	33,74163	37,76442	0	0	False
19,5	33,74163	38,0322	0	0	False
19,5	33,74163	38,30056	0	0	False
19,5	33,74163	38,56891	0	0	False
19,5	33,74163	38,8362	0	0	False
19,5	33,74163	39,10443	0	0	False
19,5	33,74163	39,37208	0	0	False
19,5	33,74163	39,64057	0	0	False
19,5	33,74163	39,90879	0	0	False
19,5	33,74163	40,17693	0	0	False
19,5	33,74163	40,44554	0	0	False
19,5	33,74163	40,71363	0	0	False
19,5	33,74163	40,98147	0	0	False
19,5	33,74163	41,24908	0	0	False
19,5	33,74163	41,51746	0	0	False
19,5	33,74163	41,78528	0	0	False
19,5	33,74163	42,05342	0	0	False
19,5	33,74163	42,32121	0	0	False
19,5	33,74163	42,58918	0	0	False
19,5	33,74163	42,85722	0	0	False
19,5	33,74163	43,12528	0	0	False
19,5	33,74163	43,34763	0	0	False
19,5	33,74163	43,48149	0	0	False
19,5	33,74163	43,61594	0	0	False
19,5	33,74163	43,74939	0	0	False
19,5	33,74163	43,88421	0	0	False
19,5	33,74163	44,01923	0	0	False
19,5	33,74163	44,15192	0	0	False
19,5	33,74163	44,28712	0	0	False
19,5	33,74163	44,42038	0	0	False
19,5	33,74163	44,65536	0	0	False
19,5	33,74163	44,86692	0	0	False
19,5	33,74163	45,04567	0	0	False
19,5	33,74163	45,17976	0	0	False
19,5	33,74163	45,31361	0	0	False
19,5	33,74163	45,44737	0	0	False
19,5	33,74163	45,58078	0	0	False
19,5	33,74163	45,71609	0	0	False
19,5	33,74163	45,84938	0	0	False
19,5	33,74163	45,98316	0	0	False
19,5	33,74163	46,11712	0	0	False
19,5	33,74163	46,35309	0	0	False
19,5	33,90243	46,62183	0	-0,157589	False
19,49998	34,76922	46,89038	0	-0,1672719	False
19,49509	35,63522	47,15785	-0,3028322	0	False
19,42173	36,34971	47,41551	-0,5449044	0	False
19,24039	36,94163	47,68313	-0,5933188	0	False
19,00029	37,3748	47,95136	-0,409344	0	False
18,56929	37,92039	48,21981	-0,2253692	-0,08980878	False
17,92657	38,60821	48,48724	-0,1769547	-0,1382232	False
17,19422	39,27862	48,75538	-0,3415638	-0,1382232	False
16,60354	39,71413	48,94534	-0,3609295	-0,1866376	False
15,80607	40,19593	49,1348	-0,2641007	-0,235052	False
14,88297	40,67117	49,33614	-0,1382232	-0,235052	False
13,99556	41,08177	49,52555	-0,1769547	-0,235052	False
13,09795	41,44947	49,70423	-0,2156863	-0,2834665	False
11,97342	41,84269	49,88295	-0,2060034	-0,3512467	False
10,75539	42,20015	50,06284	-0,1672719	-0,3802953	False
9,562965	42,49715	50,23064	-0,1479061	-0,3802953	False
8,368464	42,75037	50,39718	-0,1479061	-0,3318809	False
7,24919	42,94888	50,55264	-0,1479061	-0,1672719	False
6,278497	43,09092	50,68674	-0,1479061	-0,157589	False
5,294837	43,20743	50,82045	-0,1285403	-0,1382232	False
4,298866	43,30283	50,95539	-0,070443	-0,01234569	False
3,3194	43,38332	51,08803	-0,02202857	0	False
2,385004	43,45598	51,22178	0	0	False
1,510345	43,52393	51,35652	0	0	False
0,6984091	43,58699	51,4912	0	0	False
-0,05584514	43,64557	51,62434	0	-0,01234569	False
-0,9062524	43,71161	51,75901	0	-0,06076011	False
-1,772208	43,77887	51,89266	0	-0,06076011	False
-2,641425	43,84637	52,02667	0	-0,04139434	False
-3,50168	43,91286	52,16156	-0,02202857	0	False
-4,294113	43,97095	52,29538	-0,06076011	0	False
-5,02546	44,01597	52,42929	-0,08980878	0	False
-5,693534	44,04594	52,56304	-0,08980878	0	False
-6,29916	44,06293	52,69765	-0,08980878	0	False
-6,838053	44,0692	52,83139	-0,04139434	0	False
-7,353773	44,06976	52,9768	-0,002662801	0	False
-7,764611	44,06931	53,11061	0	0	False
-8,132869	44,06892	53,24515	0	0,2641007	False
-8,395486	44,06863	53,37873	0	0,4868071	False
-8,504696	44,06852	53,51316	0	0,5352215	False
-8,506429	44,06852	53,6461	0	0,6804648	False
-8,506429	44,06852	53,78026	0	0,7095134	False
-8,506429	44,06852	53,91515	0	0,3802953	False
-8,506429	44,06852	54,04841	0	0	False
-8,506429	44,06852	54,18288	0	0	False
-8,506429	44,06852	54,31697	0	0	False
-8,506429	44,06852	54,45078	0	0	False
-8,506429	44,06852	54,58472	0	0	False
-8,506429	44,06852	54,71829	0	0	False
-8,506429	44,06852	54,85221	0	0	False
-8,506429	44,06852	54,98638	0	0	False
-8,506429	44,06852	55,12027	0	0	False
-8,506429	44,06852	55,25419	0	0	False
-8,506429	44,06852	55,38857	0	0	False
-8,506429	44,06852	55,52198	0	0	False
-8,506429	44,06852	55,6565	0	0	False
-8,506429	44,06852	55,8044	0	0	False
-8,506429	44,06852	55,96034	0	0	False
-8,506429	44,06852	56,11483	0	0	False
-8,506429	44,06852	56,24941	0	0	False
-8,506429	44,06852	56,38386	0	0	False
-8,506429	44,06852	56,51794	0	0	False
-8,506429	44,06852	56,65066	0	0	False
-8,506429	44,06852	56,78689	0	0	False
-8,506429	44,06852	56,91909	0	0	False
-8,506429	44,06852	57,05255	0	0	False
-8,506429	44,06852	57,19883	0	0	False
-8,506429	44,06852	57,33387	0	0	False
-8,506429	44,06852	57,46671	0	0	False
-8,506429	44,06852	57,59998	0	0	False
-8,506429	44,06852	57,73462	0	0	False
-8,506429	44,06852	57,86799	0	0	False
-8,506429	44,06852	58,0019	0	0	False
-8,506429	44,06852	58,13585	0	0	False
-8,506429	44,06852	58,26981	0	0	False
-8,571185	44,06845	58,40476	0	-0,070443	False
-8,71279	44,0683	58,53877	0	-0,070443	False
-8,843872	44,06816	58,67237	0	0	False
-8,918392	44,06808	58,80692	0	0	False
-8,931858	44,06806	58,94084	0	0	False
-8,931858	44,06806	59,07519	0	0	False
-8,93186	44,06806	59,20945	0	0	False
-8,93186	44,06806	59,3429	0	0	False
-8,93186	44,06806	59,47743	0	0	False
-8,93186	44,06806	59,61207	0	0	False
-8,93186	44,06806	59,75681	0	0	False
-8,93186	44,06806	59,90227	0	0	False
-8,93186	44,06806	60,06904	0	0	False
-8,93186	44,06806	60,20301	0	0	False
-8,93186	44,06806	60,33683	0	0	False
-8,93186	44,06806	60,47042	0	0	False
-8,93186	44,06806	60,60476	0	0	False
-8,93186	44,06806	60,73907	0	0	False
-8,93186	44,06806	60,87277	0	0	False
-8,93186	44,06806	61,00793	0	0	False
-8,941611	44,06805	61,14131	0	-0,06076011	False
-9,178094	44,06779	61,28598	0	-0,1285403	False
-9,483236	44,06746	61,4202	0	-0,1672719	False
-9,855063	44,06706	61,55474	0	-0,235052	False
-10,66689	44,06618	61,68876	0	-0,5545873	False
-12,20698	44,06453	61,82268	0	-0,8644396	False
-13,99679	44,0626	61,95724	0	-0,8934883	False
-15,79148	44,06067	62,09112	0	-0,8934883	False
-17,58843	44,05872	62,22495	0	-0,8644396	False
-19,39882	44,05677	62,36038	0	-0,8547567	False
-21,18452	44,05484	62,49372	0	-0,8547567	False
-22,97447	44,0529	62,62701	0	-0,8547567	False
-24,77752	44,05096	62,76159	0	-0,8547567	False
-26,56797	44,04903	62,89554	0	-0,7966594	False
-28,36614	44,04709	63,02934	0	-0,7966594	False
-30,26131	44,04505	63,16254	0	-0,8934883	False
-32,28116	44,04288	63,29743	0	-1	False
-34,28122	44,04072	63,43077	0	-1	False
-36,29087	44,03856	63,56445	0	-1	False
-38,29866	44,0364	63,69855	0	-1	False
-40,30895	44,03424	63,83258	0	-1	False
-42,31981	44,03208	63,9664	0	-1	False
-44,32268	44,02992	64,09991	0	-1	False
-46,34097	44,02775	64,23476	0	-1	False
-48,3457	44,0256	64,36839	0	-1	False
-50,3528	44,02344	64,50195	0	-1	False
-52,35891	44,02128	64,63605	0	-0,8644396	False
-54,36638	44,01913	64,77026	0	-0,6707819	False
-56,36573	44,01696	64,90381	0	-0,5545873	False
-58,37098	44,0148	65,03846	0	-0,5545873	False
-60,3774	44,01265	65,17287	0	-0,5061729	False
-62,37929	44,01048	65,30672	0	-0,4383927	False
-64,53613	44,00818	65,45162	0	-0,3609295	False
-66,53555	44,00602	65,58568	0	-0,1091745	False
-68,5213	44,00388	65,71932	0	-0,06076011	False
-70,49562	44,00175	65,8536	0	0	False
-72,41711	43,99968	65,98715	0	-0,03171146	False
-74,43369	43,99749	66,12226	0	-0,2544178	False
-76,43743	43,99534	66,25622	0	-0,3512467	False
-78,45761	43,99315	66,39082	0	-0,3512467	False
-80,45528	43,99094	66,52374	-0,04139434	-0,3318809	False
-82,47163	43,96995	66,65892	-0,2544178	0	False
-84,4151	43,85389	66,79273	-0,5158557	0	False
-86,28545	43,55489	66,92723	-0,661099	0	False
-88,05704	43,02556	67,06339	-1	0	False
-89,60402	42,23705	67,1963	-1	0	False
-90,95435	41,22761	67,32983	-0,5352215	0	False
-92,15666	40,11234	67,46458	-0,3609295	0	False
-93,21817	38,98627	67,59827	-0,3415638	0	False
-94,17168	37,84595	67,73246	-0,4480756	0	False
-94,99393	36,65864	67,86626	-0,5158557	0	False
-95,64803	35,4608	67,99979	-0,5449044	0	False
-96,15234	34,25455	68,13447	-0,5449044	0	False
-96,56499	32,86915	68,29099	-0,49649	0	False
-96,84953	31,3192	68,43697	-0,3706124	-0,3318809	False
-97,20317	27,96618	68,66153	-0,1091745	-0,6030017	False
-97,38892	25,32108	68,83836	0	-0,6030017	False
-97,55067	22,96723	68,9958	0	-0,6030017	False
-97,69878	20,81195	69,13974	0	-0,6030017	False
-97,83667	18,80506	69,27402	0	-0,6030017	False
-97,976	16,77747	69,40952	0	-0,6030017	False
-98,12419	14,62066	69,55367	0	-0,6030017	False
-98,27336	12,44972	69,69871	0	-0,6126846	False
-98,41145	10,44027	69,83299	0	-0,5545873	False
-98,54842	8,447038	69,96617	0	-0,3609295	False
-98,68506	6,458471	70,09977	0	-0,1382232	False
-98,82218	4,462864	70,23402	0	0	False
-98,95553	2,522235	70,36723	0	0	False
-99,08542	0,6318205	70,50174	0	0	False
-99,20979	-1,178238	70,63527	0	0	False
-99,34064	-3,082811	70,76958	0	-0,2641007	False
-99,47836	-5,086958	70,90324	0	-0,7095134	False
-99,61608	-7,0914	71,0375	0	-0,7966594	False
-99,75411	-9,100247	71,17174	0	-0,8934883	False
-99,892	-11,10722	71,30559	0	-1	False
-100,0299	-13,11359	71,43969	0	-1	False
-100,1675	-15,11652	71,57376	0	-1	False
-100,306	-17,13306	71,70855	0	-1	False
-100,4439	-19,13926	71,84235	-0,002662801	-1	False
-100,5815	-21,15436	71,97723	-0,02202857	-1	False
-100,7116	-23,16038	72,11129	-0,03171146	-1	False
-100,8279	-25,15385	72,24424	-0,04139434	-0,8547567	False
-100,9286	-27,14693	72,37794	-0,04139434	-0,5739531	False
-101,0145	-29,15185	72,51264	-0,04139434	-0,2156863	False
-101,084	-31,13604	72,6459	-0,04139434	-0,01234569	False
-101,1377	-33,10089	72,7803	-0,04139434	0	False
-101,1747	-34,99368	72,91432	-0,04139434	0	False
-101,1987	-36,82676	73,04845	-0,002662801	0	False
-101,2188	-38,58701	73,18159	0	0	False
-101,2387	-40,32594	73,31867	0	0	False
-101,2572	-41,94627	73,45122	0	0	False
-101,275	-43,50495	73,58353	0	0	False
-101,2922	-45,01136	73,71737	0	0	False
-101,3106	-46,62614	73,8632	0	-0,01234569	False
-101,3277	-48,11892	73,99725	0	-0,01234569	False
-101,3448	-49,61467	74,13136	0	-0,01234569	False
-101,3618	-51,1073	74,26486	0	-0,01234569	False
-101,3789	-52,60702	74,39957	0	-0,01234569	False
-101,396	-54,10232	74,53361	0	-0,01234569	False
-101,4131	-55,59956	74,66754	0	-0,01234569	False
-101,4301	-57,09097	74,80124	0	-0,01234569	False
-101,447	-58,58331	74,93527	-0,02202857	-0,01234569	False
-101,4577	-60,07678	75,06915	-0,08980878	-0,01234569	False
-101,4431	-61,56222	75,20285	-0,1866376	0	False
-101,3817	-62,99969	75,33788	-0,2641007	0	False
-101,2601	-64,3493	75,47123	-0,2737836	0	False
-101,077	-65,63964	75,60541	-0,2737836	0	False
-100,8409	-66,85498	75,73981	-0,235052	0	False
-100,5671	-67,99485	75,87427	-0,1769547	0	False
-100,2699	-69,06803	76,00909	-0,2447349	0	False
-99,95061	-70,05309	76,14201	-0,3415638	0	False
-99,58915	-70,96721	76,27706	-0,409344	0	False
-99,14928	-71,85677	76,42217	-0,49649	0	False
-98,69622	-72,58523	76,55791	-0,5158557	0	False
-97,96326	-73,50162	76,75887	-0,5158557	0	False
-96,53886	-74,75101	77,02859	-0,4287098	-0,2834665	False
-94,01128	-76,3533	77,29625	-0,3706124	-0,4383927	False
-90,66342	-77,85398	77,56532	-0,49649	-0,5739531	False
-87,0039	-78,7598	77,83339	-0,5255386	-0,5545873	False
-83,16882	-78,98181	78,10223	-0,235052	-0,6126846	False
-79,16978	-78,85976	78,36921	0	-0,6707819	False
-75,14893	-78,70937	78,63732	0	-0,6707819	False
-71,14501	-78,55958	78,9044	0	-0,6707819	False
-67,12626	-78,40926	79,17258	0	-0,661099	False
-62,25213	-78,22694	79,49799	0	-0,661099	False
-56,21923	-78,00127	79,90047	0	-0,6707819	False
-50,88348	-77,8017	80,25647	0	-0,6417332	False
-46,86412	-77,65134	80,52502	0	-0,1866376	False
-42,93756	-77,50445	80,79285	0	0	False
-39,14067	-77,36241	81,06071	0	0	False
-35,49641	-77,22607	81,32883	0	1	False
-32,35255	-77,10843	81,59751	0	1	False
-29,87117	-77,01561	81,86452	0	1	False
-27,9397	-76,94337	82,14365	0	1	False
-26,5782	-76,89248	82,41214	0,002662801	0	False
-25,37297	-76,85017	82,67997	0,03171146	0	False
-24,29479	-76,82909	82,94807	0,1285403	0	False
-23,12543	-76,85832	83,22807	0,09949167	-0,08980878	False
-21,74095	-76,93583	83,49615	0	-0,1285403	False
-20,08943	-77,031	83,76394	0	-0,2156863	False
-18,17812	-77,14113	84,0323	0	-0,235052	False
-16,0945	-77,26118	84,31197	0	-0,2544178	False
-14,06639	-77,37804	84,57895	0	-0,2156863	False
-12,03469	-77,49508	84,84735	0	-0,08980878	False
-9,927673	-77,61646	85,12585	0	-0,08980878	False
-7,894552	-77,73357	85,39465	0	-0,08980878	False
-5,862343	-77,85062	85,66318	0	-0,08980878	False
-3,841969	-77,96697	85,93044	0	-0,08980878	False
-1,732115	-78,08847	86,20937	0	-0,08980878	False
0,3013872	-78,20557	86,47798	0	-0,070443	False
2,39706	-78,32623	86,74651	0	-0,1091745	False
4,664279	-78,45678	87,01411	0	-0,1382232	False
7,143288	-78,5995	87,28199	-0,002662801	-0,2156863	False
9,740578	-78,73777	87,5488	-0,05107722	-0,2156863	False
12,35826	-78,83071	87,81712	-0,06076011	-0,2156863	False
14,97307	-78,86678	88,08532	-0,03171146	-0,2156863	False
17,58124	-78,87291	88,35273	0	-0,2156863	False
20,19433	-78,87766	88,6206	0	-0,2156863	False
22,80557	-78,88241	88,88834	0	-0,2156863	False
25,09834	-78,88659	89,12347	0	-0,2156863	False
27,6143	-78,89117	89,38119	0	-0,1963205	False
30,21922	-78,89592	89,64898	0	-0,08980878	False
32,81185	-78,90066	89,91733	0	0	False
34,77901	-78,90425	90,13024	0	0	False
36,34785	-78,90712	90,30927	0	0	False
38,44866	-78,91096	90,56383	0	0	False
40,54676	-78,9148	90,83344	0	0	False
42,17916	-78,91777	91,05674	0	0	False
43,39491	-78,91999	91,23489	0	0	False
45,09226	-78,9231	91,50256	0	0	False
46,65673	-78,92597	91,76939	0	0	False
47,57705	-78,92766	91,93959	0	0	False
48,34103	-78,92905	92,09533	0	0	False
48,93502	-78,93015	92,22975	0	0	False
49,46143	-78,9311	92,36306	0	0	False
50,00095	-78,93209	92,51917	0	0	False
50,40108	-78,93283	92,65358	0	0	False
50,76465	-78,93348	92,79924	-0,002662801	0	False
51,05691	-78,93318	92,94389	-0,06076011	0	False
51,57609	-78,92587	93,10018	-0,070443	-0,157589	False
52,34276	-78,90382	93,25739	-0,070443	-0,2156863	False
53,35048	-78,85632	93,45766	-0,1672719	-0,2156863	False
54,65114	-78,72297	93,71532	-0,3125151	-0,235052	False
56,33995	-78,34479	93,98444	-0,3706124	-0,3802953	False
58,45052	-77,55114	94,25241	-0,5158557	-0,4577585	False
60,46695	-76,29209	94,51978	-1	-0,4868071	False
62,06284	-74,34644	94,79019	-0,6901477	-0,5158557	False
63,05017	-71,99624	95,05804	-0,3125151	-0,3802953	False
63,72805	-69,47338	95,32546	-0,2447349	-0,4190269	False
64,20135	-66,70171	95,59496	-0,2253692	-0,4577585	False
64,4479	-63,85162	95,86284	-0,1285403	-0,409344	False
64,55603	-60,99251	96,13184	0	-0,002662801	False
64,64799	-58,22179	96,39842	0	0	False
64,73636	-55,55994	96,66708	0	0	False
64,81985	-53,04425	96,93397	0	0	False
64,89958	-50,64247	97,2024	0	0	False
64,97482	-48,37573	97,46996	0	0	False
65,04566	-46,23154	97,73833	-0,03171146	0	False
65,08892	-44,21624	98,00675	-0,1188574	0	False
65,05048	-42,33592	98,27413	-0,1382232	0	False
64,92825	-40,57917	98,5429	-0,04139434	0	False
64,78135	-38,95787	98,8111	0	0	False
64,64552	-37,46529	99,0789	0	0	False
64,52142	-36,10152	99,34679	0	0	False
64,39816	-34,74719	99,64123	0	0	False
64,2895	-33,55305	99,92905	0	0	False
64,19942	-32,56133	100,2001	0,02202857	0	False
64,12563	-31,69362	100,4653	0,05107722	-0,03171146	False
64,05609	-30,48783	100,7317	0,2737836	-0,1285403	False
64,13229	-29,06218	100,9986	0,6417332	-0,157589	False
64,57569	-27,69311	101,2656	1	-0,157589	False
65,30286	-26,73598	101,4783	0,6804648	-0,1963205	False
66,09119	-26,06149	101,6446	0,5255386	-0,2253692	False
67,54478	-25,14037	101,9126	0,3996611	-0,2253692	False
68,8471	-24,54966	102,1409	0,4383927	-0,2253692	False
69,7393	-24,2618	102,2806	0,4383927	-0,2253692	False
70,57996	-24,0682	102,4149	0,4287098	-0,2253692	False
71,4319	-23,94056	102,5489	0,322198	-0,2253692	False
72,28928	-23,86367	102,6824	0,157589	-0,2253692	False
73,14892	-23,81047	102,8167	0	-0,1672719	False
74,00704	-23,75978	102,9505	0	-0,1382232	False
74,86329	-23,7092	103,084	0	-0,1091745	False
75,87041	-23,6497	103,2184	0	-0,235052	False
77,10897	-23,57652	103,3526	0	-0,3125151	False
78,37449	-23,50176	103,4863	0	-0,3125151	False
79,63919	-23,42705	103,6201	0	-0,3125151	False
81,01913	-23,34554	103,7662	0	-0,3125151	False
82,29768	-23,27	103,8994	0	-0,3318809	False
83,62582	-23,19154	104,0337	0	-0,3512467	False
84,97736	-23,11172	104,1674	0,002662801	-0,3609295	False
86,34831	-23,03366	104,3022	0,070443	-0,3609295	False
87,70693	-22,97212	104,4359	0,08980878	-0,3609295	False
89,07354	-22,93391	104,5701	0,09949167	-0,3609295	False
90,44009	-22,92115	104,7038	0,09949167	-0,3609295	False
91,83639	-22,93438	104,8409	0,09949167	-0,3609295	False
93,17743	-22,97072	104,9728	0,06076011	-0,3609295	False
94,57	-23,02205	105,1095	0	-0,3609295	False
96,02494	-23,078	105,2523	0	-0,3609295	False
97,39372	-23,13062	105,3865	0	-0,3609295	False
98,83516	-23,18605	105,5312	0	0	False
100,1044	-23,23485	105,6647	0	0	False
101,3071	-23,2811	105,7985	0	0	False
102,4496	-23,32502	105,9325	0	0	False
103,5304	-23,36658	106,0665	0	0	False
104,543	-23,40551	106,2004	0	0	False
105,5731	-23,44513	106,3458	0	0	False
106,4539	-23,479	106,4795	0	0	False
107,2781	-23,51069	106,6139	0	0	False
108,0407	-23,54002	106,749	0	0	False
108,7287	-23,56648	106,8819	0	0	False
109,3583	-23,5907	107,0165	0	0	False
109,9199	-23,61229	107,1498	0	0	False
110,4208	-23,63156	107,2839	0	0	False
110,8588	-23,64841	107,4189	0	0	False
111,2272	-23,66258	107,5518	0	0	False
111,5348	-23,67442	107,6857	0	0	False
111,7768	-23,68373	107,8192	0	0	False
111,956	-23,69064	107,9538	0	0	False
112,0709	-23,69506	108,0884	0	0	False
114,2197	-23,77775	108,7335	0	0	False
114,9841	-23,80717	108,9235	0	0	False
115,6358	-23,83226	109,1065	0	0	False
116,061	-23,84863	109,2453	0	0	False
116,4929	-23,86526	109,4112	0	0	False
116,7759	-23,87617	109,5461	0	0	False
117,0053	-23,885	109,6858	0	0	False
117,1595	-23,89095	109,8189	0	0	False
117,2494	-23,89441	109,9526	0	0	False
117,2754	-23,89542	110,0869	0	0	False
117,2754	-23,89542	110,2664	0	0	False
117,2754	-23,89542	110,3999	0	0	False
117,2754	-23,89542	110,5339	0	0	False
117,2754	-23,89542	110,6679	0	0	False
117,2754	-23,89542	110,802	0	0	False
117,2754	-23,89542	110,936	0	0	False
117,2754	-23,89542	111,0695	0	0	False
117,2754	-23,89542	111,2035	0	0	False
117,2754	-23,89542	111,3384	0	0	False
117,2754	-23,89542	111,4728	0	0	False
117,2754	-23,89542	111,6067	0	0	False
117,2754	-23,89542	111,7411	0	0	False
117,2754	-23,89542	111,8764	0	0	False
117,2754	-23,89542	112,012	0	0	False
117,2754	-23,89542	112,1434	0	0	False
117,2754	-23,89542	112,2769	0	0	False
117,2754	-23,89542	112,411	0	0	False
117,2754	-23,89542	112,5448	0	0	False
117,2754	-23,89542	112,6792	0	0	False
117,2754	-23,89542	112,8134	0	0	False
117,2754	-23,89542	112,9481	0	0	False
117,2754	-23,89542	113,0806	0	0	False
117,2754	-23,89542	113,2148	0	0	False
117,2754	-23,89542	113,3487	0	0	False
117,2754	-23,89542	113,4827	0	0	False
117,6187	-23,90865	113,6167	0	-0,2544178	False
118,149	-23,92908	113,7518	0	-0,2641007	False
118,7103	-23,9507	113,8847	0	-0,2641007	False
119,2831	-23,97277	114,0194	0	-0,2641007	False
119,8611	-23,99504	114,1532	0,002662801	-0,2834665	False
120,5942	-24,02687	114,2884	0,1672719	-0,409344	False
121,493	-24,09449	114,4217	0,3512467	-0,4383927	False
122,4079	-24,23077	114,5563	0,6514161	-0,4383927	False
123,2841	-24,48472	114,6897	1	-0,4383927	False
124,1077	-24,90062	114,8244	1	-0,4383927	False
124,8439	-25,46682	114,9579	1	-0,4480756	False
125,4704	-26,16914	115,0926	1	-0,4480756	False
125,9529	-26,9721	115,2265	1	-0,4480756	False
126,2829	-27,85217	115,3605	0,6126846	-0,4480756	False
126,5007	-28,76406	115,4943	0,409344	-0,4480756	False
126,653	-29,69097	115,6286	0,070443	-0,4480756	False
126,7862	-30,62085	115,7626	0	-0,4480756	False
126,9436	-31,72555	115,8961	0	-0,5836359	False
127,1365	-33,07959	116,0427	0	-0,6320504	False
127,3242	-34,39738	116,1787	0	-0,6320504	False
127,5059	-35,67824	116,3114	0,04139434	-0,6320504	False
127,6823	-36,98027	116,4459	0,070443	-0,6320504	False
127,838	-38,26294	116,578	0,1188574	-0,6320504	False
127,9651	-39,56143	116,7117	0,1866376	-0,6320504	False
128,05	-40,867	116,8457	0,1963205	-0,6320504	False
128,0875	-42,17534	116,9794	0,2060034	-0,6320504	False
128,0758	-43,48531	117,1135	0,2060034	-0,6320504	False
128,0154	-44,79565	117,248	0,1963205	-0,6417332	False
127,9077	-46,12043	117,382	0,1188574	-0,6417332	False
127,7742	-47,43813	117,5154	0	-0,6417332	False
127,637	-48,75623	117,6493	0	-0,6417332	False
127,4992	-50,07935	117,7836	0	-0,6417332	False
127,3607	-51,4094	117,9171	0	-0,661099	False
127,219	-52,7701	118,0513	0	-0,661099	False
127,0773	-54,13133	118,1857	0	-0,661099	False
126,9362	-55,48632	118,3189	0	-0,661099	False
126,7952	-56,85166	118,4534	-0,05107722	-0,661099	False
126,669	-58,21721	118,5882	-0,1382232	-0,6417332	False
126,5763	-59,58035	118,722	-0,1479061	-0,6417332	False
126,5186	-60,94724	118,8559	-0,03171146	-0,6417332	False
126,4711	-62,31225	118,99	0	-0,6417332	False
126,4236	-63,68114	119,1244	0	-0,6417332	False
126,3758	-65,0593	119,2589	0	-0,661099	False
126,3246	-66,4955	119,3941	0,1479061	-0,6320504	False
126,2402	-67,9222	119,5271	0,3609295	-0,5739531	False
126,057	-69,35043	119,6607	0,6030017	-0,4771242	False
125,7128	-70,75542	119,7954	0,6804648	-0,4577585	False
125,1159	-72,19524	119,9406	1	-0,4577585	False
123,9195	-73,8595	120,1321	1	-0,4577585	False
121,5958	-75,55161	120,4013	1	-0,4577585	False
118,8109	-76,27621	120,6704	0,6223675	-0,4480756	False
115,9425	-76,25234	120,9376	0,06076011	-0,4480756	False
113,0724	-76,07886	121,2053	0	-0,409344	False
110,1965	-75,90504	121,4735	0	-0,409344	False
107,3205	-75,73121	121,742	0	-0,3899783	False
104,4473	-75,55851	122,0099	-0,01234569	-0,3802953	False
101,5677	-75,40444	122,2785	-0,070443	-0,3512467	False
98,69481	-75,31552	122,5463	-0,05107722	-0,3318809	False
95,82536	-75,27077	122,8138	0	-0,3125151	False
92,95347	-75,22739	123,0819	0	-0,2931494	False
90,08118	-75,18402	123,3497	0	-0,157589	False
87,25481	-75,1413	123,6172	0	0	False
84,5523	-75,10051	123,8847	0	0	False
81,96814	-75,06149	124,1532	0	0	False
79,51329	-75,02441	124,4219	0	0	False
77,19186	-74,9893	124,6896	0	0	False
75,00018	-74,9562	124,9577	0	0,3609295	False
73,08849	-74,92735	125,2261	0	1	False
71,76678	-74,90739	125,4941	0	1	False
71,08681	-74,89713	125,7629	0	1	False
70,98836	-74,89565	126,0304	0	0,9225369	False
70,98836	-74,89565	126,2989	0	0	False
70,98836	-74,89565	126,5661	0	0	False
70,98836	-74,89565	126,834	0	0	False
70,98836	-74,89565	127,1024	0	0	False
70,98836	-74,89565	127,3732	0	0	False
70,98836	-74,89565	127,6625	0	0	False
70,98836	-74,89565	127,9871	0	0	False
70,98836	-74,89565	128,3883	0	0	False
19,5	33,74163	2,930631	0	0	False
19,5	33,74163	3,204881	0	0	False
19,5	33,74163	3,466762	0	0	False
19,5	33,74163	3,734097	0	0	False
19,5	33,74163	4,002273	0	0	False
19,5	33,74163	4,270137	0	0	False
19,5	33,74163	4,538133	0	0	False
19,5	33,74163	4,806823	0	0	False
19,5	34,11055	5,080176	0	-0,2253692	False
19,49998	34,9864	5,342157	0,03171146	-0,2156863	False
19,51576	35,73239	5,56527	0,322198	-0,157589	False
19,59166	36,40001	5,76606	0,4674413	-0,157589	False
19,74558	37,02346	5,957778	0,5352215	-0,157589	False
20,01675	37,68275	6,169328	0,5545873	-0,157589	False
20,41676	38,3168	6,392256	0,6417332	-0,157589	False
20,99186	38,91216	6,638184	0,6417332	-0,157589	False
21,7577	39,40784	6,90753	0,49649	-0,1672719	False
22,71058	39,80527	7,173853	0,1866376	-0,1963205	False
23,81513	40,16754	7,44965	0,1382232	-0,2156863	False
24,88193	40,45327	7,709779	0,2156863	-0,2156863	False
26,00015	40,66571	7,978213	0,2156863	-0,2156863	False
27,13158	40,79804	8,246867	0,01234569	-0,2156863	False
28,25983	40,91042	8,514136	0	-0,2156863	False
29,45664	41,02964	8,782382	0	-0,2641007	False
30,80005	41,16347	9,050279	0	-0,2834665	False
32,23303	41,30313	9,324049	0,06076011	-0,2834665	False
33,61049	41,40688	9,586787	0,09949167	-0,2834665	False
35,02267	41,46188	9,855624	0,09949167	-0,2834665	False
36,43703	41,46795	10,12139	0,01234569	-0,3125151	False
37,9067	41,45917	10,37963	0	-0,2931494	False
39,37368	41,45032	10,63736	0	-0,2931494	False
40,60396	41,44291	10,84876	0	-0,2931494	False
42,0688	41,43409	11,09372	0,002662801	-0,2931494	False
43,35149	41,42573	11,30806	0,002662801	-0,2931494	False
44,78648	41,41444	11,54839	0,04139434	-0,2641007	False
45,94646	41,39444	11,74249	0,05107722	-0,1091745	False
47,11101	41,35809	11,94365	0,05107722	0	False
48,23828	41,30731	12,1558	0,01234569	0	False
49,26105	41,256	12,36703	0	0	False
50,43325	41,19717	12,63643	0	0	False
51,47461	41,14491	12,90508	0	0	False
52,38279	41,09935	13,17267	0	0	False
52,96898	41,07021	13,37337	-0,04139434	0	False
53,48747	41,05371	13,58603	-0,2253692	0	False
53,86905	41,06351	13,78133	-0,322198	0	False
54,29962	41,11441	13,96503	-0,3125151	-0,1963205	False
55,19603	41,28363	14,13396	-0,2447349	-0,3318809	False
56,37301	41,57561	14,31102	-0,2641007	-0,3802953	False
57,67291	41,99412	14,48968	-0,4577585	-0,4383927	False
59,08116	42,64458	14,67897	-1	-0,4480756	False
60,3126	43,56563	14,84822	-1	-0,4868071	False
61,60227	45,12865	15,07209	-0,5158557	-0,4771242	False
62,57053	46,82335	15,28528	-0,4577585	-0,4868071	False
63,32299	48,71921	15,50658	-0,4771242	-0,4868071	False
63,83194	50,93038	15,75285	-0,3415638	-0,4868071	False
64,09587	53,26212	16,00653	-0,04139434	-0,4868071	False
64,26633	55,17032	16,21084	0	-0,4868071	False
64,44238	57,14256	16,42197	0	-0,4868071	False
64,63377	59,3213	16,65531	-0,04139434	-0,4868071	False
64,77586	61,22351	16,85866	-0,1188574	-0,4868071	False
64,86416	63,41327	17,09261	-0,1091745	-0,4868071	False
64,87801	65,82509	17,34967	-0,002662801	-0,4868071	False
64,87284	67,80621	17,56097	0	-0,4771242	False
64,86745	69,86901	17,78116	0	-0,4771242	False
64,86237	71,81122	17,9879	0	-0,4771242	False
64,85719	73,78877	18,19921	0	-0,4771242	False
64,85131	75,8683	18,42093	-0,002662801	-0,4771242	False
64,8442	77,881	18,63572	0	-0,4771242	False
64,83618	80,07075	18,86931	0	-0,4383927	False
64,82852	82,15701	19,09196	0	-0,4190269	False
64,82082	84,25555	19,31605	0	-0,4190269	False
64,81326	86,31789	19,53633	0	-0,3802953	False
64,80611	88,23343	19,74096	-0,002662801	-0,3609295	False
64,79653	90,41299	19,97391	-0,002662801	-0,3609295	False
64,78609	92,40929	20,18696	-0,002662801	-0,3609295	False
64,77417	94,38962	20,39897	-0,002662801	-0,3512467	False
64,76067	96,37325	20,61117	-0,002662801	-0,3512467	False
64,74587	98,32259	20,81938	-0,002662801	-0,3125151	False
64,72973	100,2534	21,02577	-0,002662801	-0,1963205	False
64,71175	102,221	21,23725	-0,002662801	-0,03171146	False
64,69215	104,1967	21,44981	-0,002662801	0	False
64,67297	105,9896	21,65104	-0,002662801	0	False
64,65255	107,7715	21,86233	-0,002662801	0	False
64,63122	109,5117	22,081	-0,01234569	0	False
64,61002	110,9639	22,2751	-0,01234569	0,01234569	False
64,58492	112,3614	22,4764	-0,01234569	0,5061729	False
64,56009	113,522	22,67759	-0,002662801	0,5545873	False
64,5388	114,4438	22,88551	0	0,5449044	False
64,52375	115,0933	23,09089	0	0,4190269	False
64,51336	115,5413	23,30401	0	0,4190269	False
64,5085	115,7513	23,49379	0	0,4190269	False
64,50759	115,7902	23,69428	0	0	False
64,50759	115,7902	23,90513	0	0	False
64,50759	115,7902	24,11943	0	0	False
64,50256	116,0076	24,32006	0	-0,1866376	False
64,47985	116,988	24,53226	0	-0,322198	False
64,45599	118,0175	24,73395	0	-0,322198	False
64,43085	119,1349	24,95235	0,1091745	-0,3125151	False
64,43672	120,1849	25,15743	0,3125151	-0,3125151	False
64,52418	121,1698	25,34545	0,4771242	-0,322198	False
64,6797	121,9428	25,49405	0,4771242	-0,322198	False
64,93977	122,7854	25,6493	0,4383927	-0,3802953	False
65,33547	123,7335	25,80526	0,4480756	-0,4190269	False
65,83926	124,6687	25,96041	0,5642702	-0,4190269	False
66,42352	125,4995	26,10822	1	-0,4190269	False
67,18746	126,2519	26,26514	1	-0,4190269	False
68,15558	126,8509	26,43175	1	-0,4190269	False
69,24728	127,2262	26,60014	0,6030017	-0,4190269	False
70,30243	127,4275	26,75686	0,3415638	-0,4190269	False
71,36403	127,545	26,91262	0,070443	-0,4190269	False
72,49706	127,6434	27,07838	0	-0,4190269	False
73,63157	127,7412	27,22457	0	-0,5545873	False
75,07442	127,8655	27,38139	0	-0,5836359	False
76,50931	127,9892	27,53616	0	-0,5836359	False
77,96379	128,1145	27,69258	0,002662801	-0,5836359	False
79,31493	128,2285	27,83785	0,06076011	-0,5836359	False
80,6637	128,3278	27,98262	0,08980878	-0,5836359	False
82,00983	128,401	28,12703	0,1091745	-0,5836359	False
83,36469	128,445	28,27259	0,09949167	-0,5739531	False
84,72341	128,4612	28,41825	0,070443	-0,5739531	False
86,06106	128,4574	28,5617	0,06076011	-0,5739531	False
87,39384	128,4375	28,70334	0,06076011	-0,5836359	False
88,77914	128,3996	28,84911	0,0801259	-0,5836359	False
90,10883	128,3435	28,98752	0,0801259	-0,5739531	False
91,50164	128,266	29,13283	0,01234569	-0,5739531	False
93,00558	128,1765	29,28923	0	-0,5739531	False
94,39978	128,0935	29,4348	0	-0,5739531	False
95,7815	128,0113	29,57865	0	-0,5739531	False
97,18004	127,928	29,7242	0	-0,5545873	False
98,57691	127,8449	29,86977	0	-0,5352215	False
99,96833	127,762	30,01515	0	-0,5352215	False
101,3565	127,6793	30,15977	0	-0,5352215	False
102,7524	127,5962	30,30506	0	-0,4868071	False
104,1368	127,5137	30,44962	0	-0,4190269	False
105,5279	127,4309	30,59523	0	-0,3512467	False
106,8718	127,3508	30,7357	0	-0,322198	False
108,279	127,2672	30,88302	-0,002662801	-0,2544178	False
109,5999	127,1893	31,02135	-0,01234569	-0,1963205	False
110,9727	127,111	31,1651	-0,01234569	-0,1382232	False
112,3652	127,035	31,31133	-0,002662801	-0,1091745	False
113,7454	126,9614	31,45621	0	-0,04139434	False
115,1381	126,8871	31,60221	0	-0,01234569	False
116,5013	126,8145	31,74548	0	-0,01234569	False
117,9102	126,7394	31,89377	0	-0,01234569	False
119,3934	126,6489	32,04671	0,2737836	-0,03171146	False
120,8517	126,4779	32,19659	0,6126846	-0,01234569	False
122,4119	126,0744	32,36198	1	0	False
124,1432	125,1151	32,57436	1	0	False
125,7318	123,3466	32,84408	1	0	False
126,523	121,2081	33,11678	0,6417332	0	False
126,7012	118,709	33,3829	0,1866376	-0,2253692	False
126,7041	115,4824	33,65024	0	-0,2834665	False
126,704	111,9482	33,91688	0	-0,3609295	False
126,7039	108,2404	34,19152	0	-0,3609295	False
126,7038	104,7038	34,45313	0	-0,3609295	False
126,7037	101,0794	34,72135	0	-0,3512467	False
126,7036	97,44913	34,98983	0	-0,3125151	False
126,7035	93,83981	35,2575	0	-0,235052	False
126,7034	90,22574	35,52551	0	-0,1672719	False
126,7033	86,61848	35,79305	0	-0,157589	False
126,7032	82,92877	36,06691	0	-0,1382232	False
126,7031	79,39854	36,32888	0	-0,09949167	False
126,703	75,77875	36,59765	0	-0,09949167	False
126,7029	72,16814	36,86559	0	-0,08980878	False
126,7028	68,53607	37,13557	0	0	False
126,7027	65,0241	37,40321	0	0	False
126,7026	61,65608	37,66969	0	0	False
126,7025	58,31322	37,943	0	-0,03171146	False
126,7024	54,13143	38,26703	0	-0,09949167	False
126,7023	48,74626	38,66562	0	-0,09949167	False
126,7021	43,93867	39,02126	0	-0,09949167	False
126,702	40,31902	39,28921	0	-0,09949167	False
126,7019	36,61442	39,56337	0	-0,09949167	False
126,7018	33,09062	39,82414	0	-0,08980878	False
126,7018	29,46436	40,09267	0	-0,070443	False
126,7017	25,89512	40,36132	0	0	False
126,7016	22,60538	40,61794	0	1	False
126,7015	19,48384	40,89634	0	1	False
126,6925	17,12036	41,16497	0,1866376	1	False
126,5727	15,40111	41,43368	0,5352215	0,6320504	False
126,2063	14,07039	41,70248	0,6804648	0	False
125,5244	12,95745	41,98264	0,6804648	0	False
124,3874	11,99472	42,25655	0,5933188	-0,1672719	False
122,6	11,05715	42,5184	0,4674413	-0,235052	False
120,5669	10,41646	42,78674	0,4287098	-0,235052	False
118,4522	10,10119	43,05627	0,2834665	-0,235052	False
116,2146	9,998516	43,32255	0	-0,2834665	False
113,8502	9,93084	43,59123	0	-0,2931494	False
111,4325	9,861639	43,85863	0	-0,3318809	False
108,8229	9,786949	44,13382	0	-0,3512467	False
106,2962	9,714648	44,3947	0,002662801	-0,3512467	False
103,6836	9,656621	44,66463	0,070443	-0,3512467	False
101,0802	9,661687	44,93208	0,070443	-0,3609295	False
98,45033	9,731718	45,19983	0,01234569	-0,3125151	False
95,8295	9,821551	45,46717	0	-0,2156863	False
93,20358	9,911594	45,7351	0	-0,2156863	False
90,52643	10,00339	46,00835	0	-0,2156863	False
87,95435	10,09159	46,27192	0	0	False
85,44747	10,17755	46,53862	0	0	False
83,05313	10,25965	46,80736	0	0	False
80,80671	10,33668	47,0743	0	0,4480756	False
78,83411	10,40432	47,34205	0	0,5352215	False
77,19453	10,46054	47,61098	0	0,2156863	False
75,72364	10,51098	47,88533	0	0	False
74,02512	10,56922	48,1468	0	-0,1866376	False
71,75832	10,61784	48,41605	-0,3028322	-0,2544178	False
69,38902	10,42434	48,68393	-0,5449044	-0,2544178	False
66,96047	9,699887	48,95019	-1	-0,3512467	False
64,7268	8,088872	49,2182	-1	-0,3512467	False
63,3199	5,989962	49,46387	-0,661099	-0,3318809	False
62,52149	3,827374	49,68694	-0,3899783	-0,2931494	False
62,02723	1,68677	49,90009	-0,1963205	-0,2834665	False
61,68309	-0,3627082	50,10154	-0,08980878	-0,1963205	False
61,39793	-2,40798	50,30136	-0,1188574	-0,070443	False
61,18047	-4,441886	50,49185	-0,157589	-0,1285403	False
61,03608	-6,626843	50,68059	-0,1479061	-0,157589	False
60,96911	-8,880772	50,8724	-0,03171146	-0,1382232	False
60,93081	-10,92582	51,04671	0	-0,1091745	False
60,89102	-13,05151	51,22754	0	-0,1091745	False
60,85391	-15,0334	51,3968	0	-0,1091745	False
60,81706	-17,00223	51,56422	0	-0,1091745	False
60,77802	-19,0879	51,74215	0	-0,1091745	False
60,74139	-21,04556	51,90901	0	-0,1091745	False
60,7047	-23,006	52,07607	0	-0,1091745	False
60,66985	-24,8686	52,23485	0	-0,1091745	False
60,63335	-26,81924	52,40102	0	-0,1091745	False
60,59376	-28,93444	52,58132	0	-0,09949167	False
60,5567	-30,9144	52,74863	0	-0,1091745	False
60,51992	-32,87869	52,91432	0	-0,09949167	False
60,48473	-34,76039	53,07275	-0,002662801	-0,04139434	False
60,45217	-36,5995	53,2275	-0,02202857	-0,03171146	False
60,42729	-38,4532	53,38364	-0,02202857	-0,01234569	False
60,41285	-40,3063	53,54038	-0,04139434	0	False
60,41308	-41,99289	53,68682	-0,04139434	0	False
60,42953	-43,82019	53,85305	-0,02202857	0	False
60,45447	-45,45903	54,0088	-0,01234569	0	False
60,48014	-46,92924	54,15502	0	0	False
60,5062	-48,41041	54,30995	0	0	False
60,53175	-49,86227	54,46954	0	0,002662801	False
60,56214	-51,59014	54,66778	0	0,4480756	False
60,58475	-52,87609	54,83123	0	0,6126846	False
60,6008	-53,7888	54,97672	0	1	False
60,61047	-54,3388	55,11626	0	1	False
60,61448	-54,56656	55,25969	0	1	False
60,61452	-54,56969	55,40716	0	1	False
60,61452	-54,56969	55,5494	0	1	False
60,61452	-54,56969	55,69572	0	0,1382232	False
60,61452	-54,56969	55,84005	0	0	False
60,61452	-54,56969	55,97506	0	0	False
60,61452	-54,56969	56,11863	0	0	False
19,5	33,74163	56,32304	0	0	False
19,5	33,74163	56,59088	0	0	False
19,5	33,74163	56,86451	0	0	False
19,5	33,74163	57,12634	0	0	False
19,5	33,74163	57,39408	0	0	False
19,5	33,74163	57,66204	0	0	False
19,5	33,74163	57,93091	0	0	False
19,5	33,8404	58,19887	0	-0,08980878	False
19,49999	34,26147	58,46735	0	-0,1091745	False
19,49998	34,72829	58,74157	0	-0,1382232	False
19,49994	35,48867	59,00248	-0,02202857	-0,235052	False
19,46789	36,45099	59,25953	-0,409344	-0,2834665	False
19,22433	37,78757	59,53523	-0,5836359	-0,3802953	False
18,49286	39,48195	59,79635	-1	-0,5836359	False
16,86091	41,28306	60,06441	-1	-0,6126846	False
14,66129	42,38859	60,33405	-0,6223675	-0,6030017	False
12,2397	42,89971	60,60361	-0,3125151	-0,5158557	False
10,02809	43,10968	60,84587	-0,09949167	-0,4577585	False
8,075615	43,23707	61,05921	0	-0,4480756	False
5,768756	43,38494	61,2827	-0,002662801	-0,6320504	False
2,773039	43,57503	61,50564	-0,002662801	-0,7772936	False
-0,05221176	43,74511	61,70628	-0,070443	-0,7772936	False
-3,015015	43,86732	61,91637	-0,1091745	-0,7966594	False
-5,62255	43,89909	62,09739	-0,070443	-0,7966594	False
-8,195189	43,88071	62,27615	-0,02202857	-0,7676108	False
-10,93255	43,84753	62,46612	0	-0,7385621	False
-13,49871	43,81637	62,64477	0	-0,7385621	False
-16,23748	43,78311	62,83518	0	-0,7385621	False
-18,95616	43,7501	63,02422	0	-0,7095134	False
-21,52861	43,71885	63,20284	0	-0,7095134	False
-23,93278	43,68965	63,37056	0	-0,6320504	False
-26,3584	43,66017	63,53928	0	-0,5449044	False
-28,75323	43,63107	63,70584	0	-0,5352215	False
-31,01208	43,60363	63,86333	0	-0,5352215	False
-33,42893	43,57427	64,03001	0	-0,5352215	False
-35,69917	43,54668	64,1865	0	-0,5352215	False
-38,18917	43,51641	64,35389	0	-0,6707819	False
-40,52221	43,48803	64,50914	0	-0,7385621	False
-42,71764	43,46132	64,65586	0	-0,8257081	False
-45,05439	43,43287	64,8116	0	-0,8257081	False
-47,40347	43,40427	64,96791	0	-0,835391	False
-49,55149	43,37811	65,11178	0	-0,8063423	False
-51,72964	43,35159	65,25668	0	-0,7966594	False
-53,9149	43,32499	65,40217	0	-0,7676108	False
-56,08069	43,29862	65,54682	0	-0,7095134	False
-58,18645	43,27298	65,68735	0	-0,661099	False
-60,38133	43,24625	65,83434	0	-0,5836359	False
-62,71855	43,21779	65,99057	0	-0,5158557	False
-64,77115	43,1928	66,12777	0	-0,2931494	False
-66,94309	43,16633	66,2738	0	-0,01234569	False
-69,07784	43,14031	66,41898	0	0	False
-71,12778	43,11533	66,56293	0	0	False
-73,12975	43,09093	66,70865	0	0	False
-75,0592	43,06741	66,8544	0	0	False
-76,92062	43,04471	67,00008	0	0	False
-78,68937	43,02315	67,14378	0	0	False
-80,40436	43,00224	67,28896	0	0	False
-82,06839	42,98194	67,4362	0	0	False
-83,75076	42,96141	67,59126	0	0	False
-85,30336	42,94246	67,73607	0	-0,06076011	False
-86,9991	42,92178	67,87653	0	-0,157589	False
-88,86401	42,89793	68,0217	-0,1285403	-0,1866376	False
-90,70322	42,8288	68,16042	-0,4480756	-0,2156863	False
-92,69365	42,53521	68,30588	-1	-0,235052	False
-94,71621	41,79589	68,46165	-1	-0,2156863	False
-96,58884	40,59655	68,62045	-1	-0,2253692	False
-98,13726	39,032	68,77776	-1	-0,2253692	False
-99,4687	36,83244	68,96214	-1	-0,2253692	False
-100,3482	33,92076	69,17891	-0,4674413	-0,2156863	False
-100,76	31,14346	69,37927	-0,1091745	-0,1963205	False
-101,0767	28,17543	69,58775	0	-0,235052	False
-101,3947	25,11871	69,79285	0	-0,3125151	False
-101,7032	22,11521	69,9943	-0,08980878	-0,3512467	False
-101,9348	19,09886	70,19598	-0,2253692	-0,3609295	False
-101,9989	16,15869	70,39204	-0,1382232	-0,3609295	False
-101,9509	13,23941	70,58675	0	-0,3512467	False
-101,887	10,41054	70,77541	0	-0,2834665	False
-101,8254	7,687085	70,95736	0	-0,2253692	False
-101,7583	4,716309	71,15568	0	-0,1963205	False
-101,695	1,915234	71,34275	0	-0,1963205	False
-101,6387	-0,5764334	71,50898	0	-0,1963205	False
-101,5746	-3,325679	71,69252	-0,04139434	-0,2253692	False
-101,4482	-6,328109	71,89291	-0,235052	-0,235052	False
-101,0319	-9,818861	72,1274	-0,409344	-0,2544178	False
-100,0405	-13,55311	72,38526	-0,5158557	-0,2931494	False
-98,27427	-17,20034	72,65603	-0,6514161	-0,3125151	False
-95,58479	-20,14445	72,92338	-1	-0,3512467	False
-91,9726	-21,9573	73,19461	-0,5545873	-0,2834665	False
-88,10749	-22,90113	73,45989	-0,235052	-0,2641007	False
-84,02846	-23,47925	73,7349	-0,1091745	-0,2834665	False
-80,12511	-23,85399	73,99622	-0,070443	-0,2641007	False
-76,12361	-24,13833	74,2636	-0,02202857	-0,2544178	False
-72,08318	-24,38246	74,53355	-0,02202857	-0,2544178	False
-68,0903	-24,59067	74,80018	-0,02202857	-0,2544178	False
-64,07382	-24,76423	75,06834	-0,070443	-0,2544178	False
-60,05802	-24,8547	75,3362	-0,070443	-0,235052	False
-55,94157	-24,85986	75,61106	0	-0,235052	False
-52,01466	-24,85393	75,87301	0	-0,235052	False
-48,00602	-24,84784	76,14014	0	-0,235052	False
-43,96483	-24,84171	76,40931	0	-0,4190269	False
-39,96974	-24,83564	76,67601	0	-0,5352215	False
-35,94522	-24,82952	76,94445	0	-0,4577585	False
-31,94717	-24,82347	77,2117	0	-0,2544178	False
-27,85417	-24,81725	77,48543	0	0	False
-24,0175	-24,81142	77,74789	0	0	False
-20,23927	-24,80568	78,01505	0	0	False
-16,52837	-24,80005	78,28495	0	-0,1382232	False
-12,51768	-24,79395	78,55282	0	-0,4383927	False
-8,506334	-24,78786	78,81989	0	-0,3802953	False
-4,49443	-24,78176	79,08751	0	-0,3318809	False
-0,3662698	-24,77549	79,36332	0	-0,2641007	False
3,531763	-24,76957	79,62353	0	-0,2156863	False
7,551157	-24,76347	79,89244	0	-0,1285403	False
11,55689	-24,75739	80,16013	0	-0,1285403	False
15,56373	-24,75131	80,4282	0	-0,09949167	False
19,57732	-24,74521	80,69673	0	-0,09949167	False
23,54079	-24,73919	80,96324	0	0	False
27,49921	-24,73317	81,23758	0	0	False
31,16653	-24,72762	81,50025	0	0	False
34,72629	-24,72221	81,76816	0	0,7966594	False
37,836	-24,71749	82,03648	0	1	False
40,33027	-24,7137	82,30359	0	1	False
42,22344	-24,71082	82,5602	0	0	False
44,04515	-24,70809	82,82918	0	0	False
45,95236	-24,70519	83,08685	0	0	False
47,55017	-24,70277	83,30534	0	0	False
48,94148	-24,70066	83,51002	0	0	False
50,22009	-24,69871	83,71152	0	0	False
51,5117	-24,69675	83,93202	0	0	False
52,55064	-24,69517	84,1251	0	0	False
53,42715	-24,69356	84,30347	-0,04139434	0	False
54,20697	-24,67588	84,48009	-0,3512467	0	False
54,91739	-24,59751	84,662	-0,5836359	0	False
55,70232	-24,35664	84,89687	-1	-0,03171146	False
56,89866	-23,51222	85,16415	-0,5061729	-0,2156863	False
58,28402	-22,10114	85,43232	-0,2253692	-0,3125151	False
59,67627	-20,38284	85,69993	-0,2253692	-0,3318809	False
60,94479	-18,49112	85,9735	-0,3415638	-0,3318809	False
61,92708	-16,5361	86,23608	-0,3802953	-0,3125151	False
62,68496	-14,25039	86,52553	-0,2737836	-0,235052	False
63,32685	-11,16005	86,90838	-0,02202857	0	False
63,89096	-8,04884	87,31249	-0,04139434	0	False
64,22463	-5,965805	87,59967	-0,1866376	0	False
64,39159	-4,213396	87,85607	-0,1963205	0	False
64,43914	-2,500087	88,12433	-0,070443	0	False
64,42919	-0,7819552	88,39449	-0,09949167	-0,1382232	False
64,28883	2,212604	88,66076	-0,3028322	-0,5352215	False
63,6455	6,012919	88,92989	-1	-0,4480756	False
61,9343	9,422527	89,19791	-1	0	False
59,13111	11,92681	89,47026	-1	0	False
55,8504	13,07821	89,73244	-1	0	False
52,3888	13,05163	90,00056	-0,4383927	0	False
49,09428	12,51228	90,26882	0	0	False
45,9478	11,90686	90,53679	0	0	False
42,92431	11,32511	90,80488	0	0	False
40,0321	10,77757	91,07201	0,1672719	0	False
37,16425	10,41526	91,34679	0,3318809	0	False
34,5393	10,34578	91,60813	0	0	False
32,05637	10,32043	91,86707	0	0	False
29,58846	10,29521	92,13903	0	0	False
27,22915	10,27107	92,40136	0	-0,070443	False
24,5186	10,2433	92,66941	0	-0,09949167	False
21,80041	10,21544	92,938	0	-0,09949167	False
19,08792	10,18765	93,20589	0	-0,09949167	False
16,49085	10,16103	93,46255	0	-0,09949167	False
13,94304	10,13492	93,7144	0	-0,09949167	False
11,29421	10,10778	93,97585	0	-0,09949167	False
8,689734	10,08108	94,23323	0	-0,09949167	False
5,906397	10,05254	94,50823	0	-0,08980878	False
3,494542	10,02781	94,74732	0	0	False
0,9370685	10,00159	95,01144	0	0	False
-1,049826	9,98123	95,22707	0	0	False
-2,908034	9,962834	95,43967	0,002662801	0	False
-4,566999	9,947693	95,6407	0,002662801	0	False
-6,215364	9,933916	95,85294	0,002662801	0	False
-7,60212	9,925962	96,04279	0,0801259	0	False
-8,979458	9,94328	96,24487	0,09949167	0	False
-10,24535	9,992971	96,44453	0,01234569	0	False
-11,4553	10,05226	96,65196	0	0	False
-12,49483	10,10322	96,84606	0	0	False
-13,4281	10,14922	97,03705	0,04139434	0	False
-14,3176	10,20352	97,23854	0,1866376	0	False
-15,27411	10,32061	97,48492	0,3802953	0	False
-16,49138	10,63419	97,74252	0,3802953	-0,09949167	False
-17,77404	11,16053	98,00916	0,4287098	-0,09949167	False
-19,04572	11,93784	98,27922	0,4383927	-0,1672719	False
-20,30097	13,0163	98,54555	0,4674413	-0,1672719	False
-21,35353	14,30271	98,81343	0,5255386	-0,1672719	False
-22,14003	15,77697	99,08239	0,5739531	-0,1672719	False
-22,60091	17,40752	99,35536	0,4383927	-0,1672719	False
-22,77789	19,02542	99,61787	0,1285403	0	False
-22,86602	20,59767	99,8877	0	0	False
-22,9442	22,02267	100,1544	0	0	False
-23,01567	23,32542	100,422	0	0	False
-23,08014	24,50027	100,6898	0	0	False
-23,13453	25,49144	100,9578	0	1	False
-23,15747	25,9094	101,2328	0	1	False
-23,15774	25,91434	101,4943	0	0,1091745	False
19,5	33,74162	101,7619	0	0	False
19,5	33,74162	102,0308	0	0	False
19,5	33,74162	102,2987	0	0	False
19,5	33,74162	102,5658	0	0	False
19,5	33,74162	102,8346	0	0	False
19,50084	33,92796	103,1092	0,1188574	-0,08980878	False
19,52504	34,44081	103,3272	0,2931494	-0,1963205	False
19,59836	35,01978	103,5278	0,3996611	-0,1963205	False
19,74154	35,60581	103,7346	0,4480756	-0,1963205	False
19,95976	36,16958	103,9411	0,4480756	-0,1963205	False
20,28619	36,76539	104,1519	0,409344	-0,2544178	False
20,80688	37,49817	104,3873	0,3415638	-0,2544178	False
21,40154	38,16141	104,6211	0,3899783	-0,2544178	False
22,18891	38,82769	104,8918	0,4674413	-0,2544178	False
23,06373	39,34025	105,1577	0,4771242	-0,2544178	False
24,21436	39,76829	105,4263	0,322198	-0,322198	False
25,46578	40,08155	105,6932	0,0801259	-0,322198	False
26,94209	40,38989	105,9681	0,05107722	-0,4577585	False
28,91262	40,75927	106,2302	0,08980878	-0,5158557	False
30,96997	41,06877	106,4982	0,1672719	-0,5352215	False
33,13231	41,26509	106,7666	0,1672719	-0,5449044	False
35,23515	41,33199	107,0239	0,05107722	-0,5158557	False
37,13804	41,35159	107,2571	0	-0,5158557	False
39,0676	41,3712	107,4936	0	-0,5158557	False
40,99966	41,39084	107,7109	0	-0,6126846	False
43,25357	41,41375	107,9384	0	-0,6320504	False
45,76076	41,43921	108,1917	0	-0,6320504	False
47,81815	41,46013	108,399	0	-0,6320504	False
50,02618	41,48257	108,622	0	-0,6320504	False
52,35236	41,50622	108,8565	0,002662801	-0,6320504	False
54,33986	41,52287	109,057	0,03171146	-0,6320504	False
56,31749	41,52475	109,2565	0,03171146	-0,6320504	False
58,2656	41,5095	109,4531	0,02202857	-0,6320504	False
60,21443	41,47953	109,6483	0,002662801	-0,6417332	False
62,29388	41,44234	109,8491	0	-0,6998306	False
64,70449	41,39922	110,061	0	-0,7385621	False
66,96302	41,35881	110,2573	0	-0,7385621	False
69,07401	41,32103	110,4406	0	-0,7385621	False
71,27348	41,28168	110,6318	0	-0,6998306	False
73,32462	41,24498	110,8099	0	-0,661099	False
75,37543	41,20829	110,9885	0	-0,5739531	False
77,53377	41,16967	111,1768	0	-0,5449044	False
79,48279	41,13481	111,3463	0	-0,4868071	False
81,47729	41,09913	111,5204	0	-0,4771242	False
83,52755	41,06245	111,6993	0	-0,4577585	False
85,3667	41,02954	111,8597	0	-0,4383927	False
87,27014	40,99548	112,0256	0	-0,409344	False
89,19244	40,96108	112,1936	0	-0,3802953	False
91,12527	40,9265	112,3622	0	-0,3512467	False
93,05956	40,8919	112,5313	0	-0,3512467	False
95,08414	40,85567	112,708	0	-0,322198	False
96,98928	40,82159	112,8747	0	-0,3125151	False
98,7953	40,78926	113,0325	0	-0,235052	False
100,586	40,75722	113,1892	0	0	False
102,3023	40,72651	113,3438	0	0	False
103,857	40,6987	113,4903	0	0	False
105,4481	40,67023	113,6471	0	0	False
106,9374	40,64359	113,8016	0	0	False
108,2869	40,61944	113,9476	0	0,235052	False
109,5403	40,59701	114,092	0	0,3318809	False
110,6466	40,57722	114,2322	0	0,322198	False
111,6982	40,55841	114,3805	0	0,322198	False
112,5687	40,54283	114,518	0	0,322198	False
113,3725	40,52844	114,662	0	0,2931494	False
114,1585	40,51438	114,8235	0	0,2544178	False
114,9888	40,49952	115,0171	0	0,03171146	False
115,5993	40,48859	115,174	0	0	False
116,0876	40,47986	115,3178	0	0	False
116,4894	40,47266	115,4551	0	0	False
116,8463	40,46627	115,6001	0	0	False
117,1298	40,46121	115,7434	0	0	False
117,3491	40,45728	115,8904	0,04139434	0	False
117,4952	40,45358	116,0353	0,157589	0	False
117,5719	40,4493	116,1813	0,235052	0	False
117,5833	40,44824	116,3249	0,2834665	0	False
117,7037	40,42643	116,4722	0,322198	-0,1672719	False
118,2452	40,29844	116,6186	0,3125151	-0,3318809	False
119,1343	40,0305	116,774	0,2156863	-0,4190269	False
120,064	39,70043	116,931	0,1866376	-0,4190269	False
120,9801	39,332	117,0878	0,2253692	-0,4190269	False
121,8693	38,9239	117,2435	0,2834665	-0,4190269	False
122,7355	38,5168	117,4018	0,4383927	-0,4190269	False
123,6581	37,95357	117,5794	0,6804648	-0,4190269	False
124,4284	37,14266	117,7582	1	-0,4190269	False
125,0563	35,97055	117,9708	0,6320504	-0,4190269	False
125,494	34,35304	118,2376	0,2834665	-0,4190269	False
125,7533	32,68789	118,5058	0,04139434	-0,4190269	False
125,9837	30,97463	118,7808	0	-0,4190269	False
126,2034	29,33964	119,0418	0,002662801	-0,4383927	False
126,4613	27,38547	119,3107	0,01234569	-0,4868071	False
126,704	25,45012	119,5725	0,08980878	-0,4868071	False
126,8878	23,50187	119,8352	0,1672719	-0,4868071	False
126,9588	21,50776	120,1032	0,1866376	-0,4868071	False
126,8848	19,50403	120,3727	0,3415638	-0,4868071	False
126,5715	17,529	120,6414	0,4577585	-0,4868071	False
125,9366	15,63927	120,9096	0,4771242	-0,4868071	False
124,9605	13,89151	121,1789	0,6320504	-0,4868071	False
123,5817	12,3898	121,4538	0,6804648	-0,4868071	False
121,9561	11,33971	121,714	0,6804648	-0,4868071	False
120,0644	10,70421	121,9827	0,5739531	-0,4868071	False
118,0812	10,47391	122,2511	0,1382232	-0,4868071	False
116,092	10,38695	122,5185	0	-0,4868071	False
114,0696	10,30128	122,7862	0	-0,5352215	False
111,1911	10,17935	123,0566	0	-0,7676108	False
108,0833	10,04771	123,3231	0	-0,7772936	False
104,9161	9,917459	123,592	0,02202857	-0,7772936	False
101,7729	9,821258	123,8582	0,1285403	-0,7385621	False
98,52037	9,859515	124,1342	0,1285403	-0,7095134	False
95,45257	10,02398	124,3949	0	-0,4771242	False
92,31158	10,21013	124,6628	0	-0,3609295	False
89,16876	10,39639	124,9311	0	-0,1672719	False
86,0733	10,57983	125,1984	0	0	False
83,09538	10,7563	125,4658	0	0	False
80,24234	10,92538	125,7345	0	0,6320504	False
77,71051	11,07478	126,0079	-0,03171146	0,8063423	False
75,82195	11,16301	126,2706	-0,070443	1	False
74,46393	11,19318	126,5491	-0,002662801	0,9031711	False
73,74426	11,20292	126,8193	0	0,4577585	False
73,30747	11,20883	127,087	0	0	False
72,44169	11,22056	127,3544	0	-0,3512467	False
70,43479	11,24774	127,622	0	-0,4383927	False
68,29	11,27681	127,8963	0	-0,4383927	False
66,22232	11,30483	128,157	0	-0,4771242	False
63,61672	11,34016	128,4248	0	-0,6417332	False
60,29011	11,38378	128,7054	-0,01234569	-0,7288792	False
57,03378	11,41391	128,9729	-0,01234569	-0,7288792	False
53,76481	11,42907	129,2411	-0,01234569	-0,7095134	False
50,51208	11,43514	129,5082	0	-0,6804648	False
47,16643	11,44117	129,783	0	-0,6804648	False
43,97664	11,44691	130,045	0	-0,6804648	False
40,58323	11,45302	130,3236	0	-0,6804648	False
37,29144	11,45895	130,594	0	-0,6417332	False
34,05661	11,46477	130,8599	0	-0,6320504	False
30,72883	11,47062	131,1335	-0,002662801	-0,6320504	False
27,52836	11,47392	131,3964	0	-0,6126846	False
24,19698	11,47601	131,6702	0	-0,6126846	False
21,00989	11,47799	131,9324	0	-0,6126846	False
17,74672	11,48002	132,2004	0	-0,5836359	False
14,47751	11,48205	132,4689	0	-0,5739531	False
11,2257	11,48408	132,7368	0	-0,5449044	False
7,943775	11,48611	133,0069	0	-0,4868071	False
4,726271	11,48811	133,272	0	-0,2931494	False
1,983672	11,4898	133,4986	0	-0,1382232	False
-0,634559	11,49143	133,7156	0	0	False
-3,044114	11,49278	133,9211	-0,002662801	0	False
-5,191096	11,49303	134,112	0	0	False
-7,280263	11,4927	134,3112	-0,002662801	1	False
-8,954184	11,49124	134,5127	-0,002662801	1	False
-10,22741	11,48783	134,7307	-0,01234569	1	False
-11,35731	11,47997	135,0279	-0,01234569	0	False
-12,14645	11,47051	135,2937	-0,01234569	0	False
-13,34247	11,44194	135,5622	-0,1091745	-0,1866376	False
-14,56856	11,37472	135,7834	-0,1382232	-0,1672719	False
-15,76293	11,25327	136	-0,322198	-0,1672719	False
-17,30196	10,90172	136,272	-0,6514161	-0,1963205	False
-18,88599	10,05678	136,5345	-1	-0,3125151	False
-20,42865	8,406667	136,7917	-0,4771242	-0,4190269	False
-21,63392	6,541505	137,0271	-0,3028322	-0,4383927	False
-22,7986	4,198397	137,2925	-0,322198	-0,4577585	False
-23,67405	1,675436	137,5625	-0,409344	-0,4480756	False
-24,09657	-0,3882186	137,7757	-0,2931494	-0,1382232	False
-24,33234	-2,340598	137,9772	-0,1285403	0	False
-24,5328	-4,908734	138,2538	-0,03171146	0	False
-24,67994	-7,287284	138,524	-0,02202857	0	False
-24,77	-8,961635	138,7247	-0,02202857	0	False
-24,84483	-10,44975	138,9141	0	0	False
-24,94399	-12,42284	139,182	0	0	False
-25,03751	-14,2836	139,4522	0	0	False
-25,09995	-15,48246	139,6391	0,1866376	0	False
-25,24135	-16,80882	139,8392	0,5933188	-0,08980878	False
-25,91672	-18,76444	140,107	1	-0,1672719	False
-27,44538	-20,60027	140,3663	1	-0,2253692	False
-29,02225	-21,57866	140,5646	1	-0,2253692	False
-30,62306	-22,07521	140,7437	0,6320504	-0,2253692	False
-33,21533	-22,35236	141,0143	0,322198	-0,2544178	False
-35,80772	-22,32634	141,2708	0	-0,2931494	False
-37,77928	-22,27363	141,4605	0	-0,2931494	False
-39,53463	-22,22671	141,6291	0	-0,2931494	False
-41,39812	-22,1769	141,8084	0	-0,2931494	False
-43,31507	-22,12567	141,9931	0	-0,2931494	False
-44,94569	-22,08208	142,1497	0	-0,2931494	False
-46,546	-22,03929	142,3041	0	-0,2931494	False
-48,18972	-21,99534	142,4621	0	-0,2931494	False
-49,82538	-21,9516	142,6178	0	-0,3125151	False
-51,4545	-21,90803	142,7661	0	-0,3609295	False
-53,45305	-21,85459	142,9248	0	-0,5158557	False
-56,02857	-21,78572	143,107	0	-0,5158557	False
-58,29382	-21,72515	143,2654	0	-0,4577585	False
-60,29494	-21,67165	143,4051	0	-0,3609295	False
-62,53294	-21,61181	143,562	0	-0,2641007	False
-64,98486	-21,54625	143,7341	0	-0,1672719	False
-66,97659	-21,49299	143,8739	0	-0,1091745	False
-69,21818	-21,43305	144,0312	0	-0,08980878	False
-71,68065	-21,36746	144,2042	-0,002662801	0	False
-73,84459	-21,31102	144,3598	-0,002662801	0	False
-75,7338	-21,26417	144,5	-0,01234569	0	False
-77,74499	-21,21934	144,6546	-0,01234569	0	False
-79,5554	-21,18368	144,7993	-0,01234569	0	False
-81,31139	-21,15349	144,9452	-0,01234569	0,3125151	False
-82,90083	-21,13012	145,0899	-0,01234569	0,8934883	False
-84,18177	-21,11445	145,2352	-0,01234569	1	False
-85,11345	-21,10535	145,3798	-0,01234569	1	False
-85,69598	-21,10109	145,5242	-0,01234569	0,9225369	False
-85,98859	-21,09968	145,6698	-0,01234569	0	False
-86,1834	-21,09924	145,8154	-0,01234569	0	False
-86,36406	-21,09933	145,9605	-0,01234569	-0,06076011	False
-86,85251	-21,10118	146,1048	-0,03171146	-0,2253692	False
-87,5248	-21,10735	146,2487	-0,04139434	-0,2834665	False
-88,24493	-21,12008	146,3912	-0,1091745	-0,2834665	False
-88,96608	-21,14769	146,5306	-0,1963205	-0,3125151	False
-89,8191	-21,21471	146,6758	-0,2737836	-0,3609295	False
-90,85555	-21,35415	146,8204	-0,3125151	-0,4577585	False
-92,03693	-21,59058	146,9669	-0,3415638	-0,5449044	False
-93,32326	-21,94596	147,1099	-0,4771242	-0,5836359	False
-94,67041	-22,46189	147,2571	-0,6223675	-0,6030017	False
-95,91883	-23,15521	147,4017	-1	-0,6030017	False
-97,00526	-24,0806	147,5468	-1	-0,6030017	False
-97,88049	-25,19758	147,6913	-0,6901477	-0,5836359	False
-98,57729	-26,45105	147,8371	-0,6223675	-0,5836359	False
-99,18815	-28,02141	148,0081	-0,5255386	-0,5836359	False
-99,5892	-29,61691	148,1753	-0,4480756	-0,5836359	False
-99,81102	-31,1185	148,3292	-0,3318809	-0,5545873	False
-99,92895	-32,66051	148,4863	-0,157589	-0,4868071	False
-99,99277	-34,18657	148,6418	0	-0,2834665	False
-100,0494	-35,70664	148,7986	0	0	False
-100,108	-37,27815	148,9678	0	0	False
-100,1626	-38,74053	149,1343	0	0	False
-100,2112	-40,04335	149,2911	0	0	False
-100,2565	-41,25861	149,446	0	0	False
-100,2971	-42,34875	149,5924	0	0,235052	False
-100,3359	-43,38811	149,7476	0	0,6707819	False
-100,3625	-44,10328	149,8918	0	1	False
-100,3769	-44,48853	150,0372	0	1	False
-100,3792	-44,55153	150,1777	0	1	False
-100,3792	-44,55153	150,3246	0	1	False
-100,3792	-44,55153	150,4628	0	1	False
-100,3792	-44,55153	150,6085	0	0,06076011	False
-100,3792	-44,55153	150,7534	0	0	False
-100,3792	-44,55153	150,8868	0	0	False
19,5	33,74162	151,078	0	0	False
19,5	33,74163	151,3469	0	0	False
19,5	33,74163	151,6143	0	0	False
19,5	33,74163	151,8827	0	0	False
19,5	33,74163	152,1512	0	0	False
19,5	33,77358	152,419	0	-0,070443	False
19,49998	34,50159	152,6923	0	-0,235052	False
19,49962	35,41669	152,9541	-0,1091745	-0,235052	False
19,45933	36,37488	153,2112	-0,3899783	-0,2544178	False
19,19959	37,71296	153,4852	-0,5158557	-0,4190269	False
18,4074	39,69326	153,7476	-0,6223675	-0,5836359	False
16,97698	41,61578	154,0156	-1	-0,5449044	False
15,07332	42,84506	154,2677	-1	-0,5352215	False
13,19423	43,38159	154,4843	-0,5449044	-0,4868071	False
11,17563	43,61503	154,7095	-0,2060034	-0,4190269	False
8,986815	43,70902	154,9529	0	-0,322198	False
6,970463	43,77934	155,177	0	-0,2931494	False
4,652361	43,86017	155,401	0	-0,4190269	False
2,415327	43,93817	155,6037	-0,002662801	-0,4190269	False
0,2213701	44,00777	155,8027	-0,070443	-0,4190269	False
-1,965237	44,0376	156,0013	-0,1091745	-0,3609295	False
-3,961583	44,00939	156,1828	-0,1091745	-0,06076011	False
-5,899476	43,92882	156,3622	-0,1091745	0	False
-7,949654	43,78967	156,5619	-0,02202857	0	False
-9,706067	43,65363	156,7411	0	0	False
-11,386	43,52329	156,9209	0	0	False
-13,11967	43,38876	157,1169	0,002662801	0	False
-14,5599	43,29268	157,2888	0,2641007	0	False
-15,9764	43,29165	157,4677	0,5061729	0	False
-17,3732	43,46929	157,6579	0,6030017	0	False
-19,10173	44,04293	157,9206	1	0	False
-20,39797	45,01101	158,1714	1	0	False
-21,11302	46,0412	158,3813	0,6804648	0	False
-21,59266	47,25972	158,6191	0,3415638	0	False
-22,13177	49,30361	158,87	0,02202857	-0,4383927	False
-22,94399	52,58566	159,108	0,06076011	-0,6804648	False
-23,69233	56,03522	159,3434	0,2447349	-0,7095134	False
-24,14855	59,35954	159,5671	0,2931494	-0,6998306	False
-24,29945	62,54073	159,7796	0,2931494	-0,6804648	False
-24,2123	65,3225	159,965	0,1769547	-0,6707819	False
-23,98964	68,27034	160,1626	0	-0,5836359	False
-23,71088	71,73	160,3943	0	-0,5836359	False
-23,41215	75,4374	160,6427	0	-0,5739531	False
-23,16144	78,54903	160,851	0	-0,5739531	False
-22,94484	81,2373	161,031	0	-0,5352215	False
-22,73398	83,87431	161,2078	-0,04139434	-0,5158557	False
-22,54488	86,67535	161,3955	-0,1382232	-0,4771242	False
-22,45087	89,57511	161,5889	-0,1382232	-0,4383927	False
-22,4584	92,42021	161,7794	-0,02202857	-0,4190269	False
-22,49436	95,41667	161,9794	0	-0,4383927	False
-22,52872	98,27551	162,1698	0	-0,4383927	False
-22,56433	101,2386	162,3674	0	-0,3899783	False
-22,59714	103,9666	162,5494	0	-0,322198	False
-22,63126	106,8047	162,7395	0	0	False
-22,66462	109,5776	162,9291	0	0	False
-22,69689	112,2602	163,1185	0	0	False
-22,72467	114,5713	163,2872	0	0	False
-22,75212	116,9928	163,4709	0,070443	0	False
-22,72913	118,8408	163,6163	0,3802953	0	False
-22,55801	120,725	163,7714	0,6126846	0	False
-22,17923	122,4195	163,9191	1	0	False
-21,46601	124,0329	164,0761	1	0	False
-20,39279	125,4705	164,2425	1	0	False
-19,02442	126,6063	164,4155	1	0	False
-17,14649	127,4626	164,6264	1	0	False
-14,64974	127,8211	164,8965	0,409344	0	False
-12,04523	127,8343	165,1645	0	-0,157589	False
-8,397544	127,822	165,432	0	-0,4480756	False
-4,38553	127,8084	165,6992	0	-0,5061729	False
-0,6565537	127,7957	165,9475	0	-0,5158557	False
2,652098	127,7845	166,1684	0	-0,5158557	False
6,677952	127,7709	166,4368	0	-0,5158557	False
10,68795	127,7573	166,7042	0	-0,5158557	False
14,55317	127,7442	166,9619	0	-0,5061729	False
17,88972	127,7329	167,1843	0	-0,5061729	False
21,09627	127,7221	167,3981	0	-0,5061729	False
24,27436	127,7113	167,61	0	-0,4868071	False
27,27037	127,7012	167,81	0	-0,4868071	False
30,29024	127,6909	168,0116	0	-0,4577585	False
33,32036	127,6807	168,2137	0	-0,4577585	False
36,3276	127,6705	168,4142	0	-0,2253692	False
39,45136	127,6599	168,626	0	0	False
42,18273	127,6507	168,8171	0	0	False
45,12674	127,6407	169,0335	0	0,7288792	False
47,46363	127,6328	169,2309	0	1	False
49,1477	127,6271	169,4083	0,002662801	1	False
50,40485	127,6203	169,5865	0,05107722	1	False
51,37586	127,6018	169,7794	0,09949167	0	False
52,32985	127,5583	169,9968	0,08980878	0	False
53,17205	127,4983	170,2127	0,06076011	0	False
53,93221	127,4275	170,4357	0,157589	0	False
55,11937	127,2304	170,7039	0,2931494	-0,235052	False
56,86997	126,7638	170,9606	0,3318809	-0,2641007	False
58,64795	126,0404	171,2316	0,5739531	-0,2641007	False
60,18604	124,9491	171,4981	1	-0,2641007	False
61,24759	123,3715	171,7679	1	-0,2641007	False
61,70879	121,4748	172,0435	0,4674413	-0,2641007	False
61,81199	119,4802	172,304	0,03171146	-0,3802953	False
61,87454	116,7032	172,5713	0	-0,5545873	False
61,94969	113,3668	172,8411	0	-0,661099	False
62,02855	109,8661	173,1083	0	-0,6707819	False
62,10842	106,321	173,377	0	-0,6707819	False
62,18701	102,783	173,645	0,002662801	-0,6707819	False
62,24941	99,13067	173,9218	0,0801259	-0,661099	False
62,22196	95,72581	174,1799	0,070443	-0,661099	False
62,13036	92,1813	174,4484	0	-0,661099	False
62,0367	88,63108	174,7175	0	-0,661099	False
61,94375	85,10655	174,9846	0	-0,661099	False
61,85031	81,56342	175,2533	0	-0,661099	False
61,75753	78,04471	175,52	0	-0,6030017	False
61,6619	74,41853	175,7954	0	-0,4771242	False
61,57135	70,98547	176,0566	0	-0,1382232	False
61,47897	67,4843	176,324	0	0	False
61,38785	64,03074	176,5947	0	0	False
61,28752	60,22783	176,8608	0	-0,235052	False
61,18207	56,23191	177,1273	0	-0,4577585	False
61,07579	52,20494	177,3959	0	-0,6707819	False
60,96715	48,08924	177,6706	0	-0,6804648	False
60,86552	44,17147	177,9319	-0,04139434	-0,6804648	False
60,81118	40,15196	178,1998	-0,0801259	-0,6707819	False
60,86101	36,13032	178,468	-0,002662801	-0,6707819	False
60,94482	32,12024	178,7354	0	-0,661099	False
61,02851	28,1157	179,0035	0	0	False
61,10695	24,36194	179,2608	0	0,6998306	False
61,17889	20,91898	179,5277	0	1	False
61,23016	18,10483	179,7955	0,2060034	1	False
61,10892	16,10751	180,0424	0,6417332	1	False
60,68589	14,61793	180,3113	1	0	False
59,96177	13,58184	180,5788	0,6804648	0	False
58,78611	12,67752	180,8468	0,3028322	-0,235052	False
56,65016	11,41869	181,1216	0,2834665	-0,322198	False
54,46641	10,45014	181,3825	0,49649	-0,3125151	False
52,07756	9,858916	181,6517	0,5352215	-0,2931494	False
49,62522	9,736721	181,9199	0,2737836	-0,2931494	False
47,18022	9,847935	182,1872	0	-0,2931494	False
44,7224	9,973359	182,4545	0	-0,3125151	False
41,99644	10,11247	182,7228	0	-0,3802953	False
39,12072	10,25922	182,9983	0	-0,3802953	False
36,15163	10,41074	183,2823	0	-0,3802953	False
32,98766	10,5722	183,5495	0	-0,5545873	False
29,48932	10,75072	183,8172	0	-0,5449044	False
25,9164	10,93163	184,091	-0,02202857	-0,5449044	False
22,48505	11,08321	184,3536	-0,05107722	-0,5352215	False
18,98332	11,17234	184,6213	-0,0801259	-0,5352215	False
15,32377	11,1632	184,9012	-0,01234569	-0,5352215	False
11,82219	11,11423	185,169	0	-0,5158557	False
8,325682	11,06529	185,4364	0	-0,5158557	False
4,821251	11,0163	185,7045	0	-0,5158557	False
1,611855	10,9715	185,9503	0	-0,2641007	False
-1,880006	10,92278	186,2184	0	-0,09949167	False
-4,868965	10,88107	186,4514	0	0	False
-7,418164	10,8455	186,6579	0	0	False
-10,21134	10,80653	186,9123	0	1	False
-12,52978	10,77419	187,1795	0	1	False
-14,00205	10,75365	187,4124	0	1	False
-14,74221	10,74333	187,6029	0	1	False
-15,05886	10,73891	187,8372	0	0,9031711	False
-15,08647	10,73826	188,1055	-0,157589	-0,03171146	False
-15,8134	10,69038	188,3082	-0,2737836	-0,2931494	False
-16,63884	10,57919	188,498	-0,322198	-0,2931494	False
-17,64379	10,3414	188,7169	-0,5158557	-0,322198	False
-18,62737	9,947186	188,913	-0,5836359	-0,4190269	False
-19,87379	9,190228	189,1333	-0,6126846	-0,4480756	False
-20,98495	8,189533	189,355	-0,6030017	-0,4480756	False
-21,8444	7,080936	189,5596	-0,5739531	-0,4480756	False
-22,50419	5,872697	189,7603	-0,49649	-0,4480756	False
-22,99748	4,576437	189,9624	-0,322198	-0,4383927	False
-23,4004	3,141993	190,1797	-0,08980878	-0,409344	False
-23,73638	1,773925	190,3851	-0,04139434	-0,409344	False
-24,05024	0,4025582	190,5866	-0,1382232	-0,409344	False
-24,33623	-1,102988	190,7845	-0,2060034	-0,4771242	False
-24,5485	-2,666043	190,9779	-0,1769547	-0,4771242	False
-24,67991	-4,121316	191,1567	-0,08980878	-0,4771242	False
-24,7906	-5,667525	191,3463	0	-0,4771242	False
-24,9065	-7,304504	191,5477	0	-0,4383927	False
-25,01268	-8,80418	191,7327	0	-0,06076011	False
-25,11437	-10,24047	191,9151	0	0	False
-25,20852	-11,57036	192,0954	0	0	False
-25,30118	-12,87904	192,285	0	0	False
-25,40446	-14,38973	192,4742	-0,04139434	-0,2641007	False
-25,53286	-16,61508	192,6538	-0,06076011	-0,4577585	False
-25,64084	-19,08935	192,8266	-0,06076011	-0,5352215	False
-25,71408	-21,60954	192,9991	-0,06076011	-0,4771242	False
-25,75104	-24,21377	193,1775	-0,06076011	-0,4383927	False
-25,75172	-26,48952	193,3334	-0,03171146	-0,4190269	False
-25,734	-28,94407	193,5016	0	-0,3802953	False
-25,71469	-31,39022	193,6692	0	-0,3512467	False
-25,69543	-33,8297	193,8368	0	-0,3125151	False
-25,67628	-36,25571	194,003	0	-0,2156863	False
-25,6582	-38,54609	194,1608	0	-0,002662801	False
-25,64044	-40,79488	194,3175	0	0	False
-25,62319	-42,98022	194,4749	0	0	False
-25,60578	-45,18522	194,6395	0	0,5158557	False
-25,59058	-47,11159	194,7974	0	1	False
-25,57848	-48,64495	194,9536	0	1	False
-25,56994	-49,72709	195,0991	0	1	False
-25,56421	-50,45463	195,2437	0	1	False
-25,56106	-50,85498	195,4012	0	1	False
-25,56051	-50,92699	195,556	0	0	False
-25,56053	-50,92699	195,7008	0	0	False
-25,56054	-50,92699	195,8562	0	0	False
19,5	33,74163	196,093	0	0	False
19,5	33,74163	196,3611	0	0	False
19,5	33,74163	196,6291	0	0	False
19,5	33,74163	196,8988	0	0	False
19,5	34,13347	197,1658	0	-0,3125151	False
19,49997	35,79586	197,4344	0	-0,4383927	False
19,48093	37,44354	197,6847	-0,3415638	-0,4480756	False
19,20902	39,33497	197,9477	-1	-0,5449044	False
18,24194	41,40295	198,2041	-1	-0,5836359	False
16,4545	43,11576	198,4796	-1	-0,5836359	False
14,5815	43,93274	198,7064	-0,6901477	-0,5739531	False
12,42753	44,26617	198,9479	-0,3609295	-0,5352215	False
10,46558	44,32406	199,1653	-0,08980878	-0,5158557	False
8,387134	44,32512	199,3877	0	-0,5449044	False
6,262728	44,32448	199,6121	0	-0,5449044	False
4,254441	44,32387	199,8241	0	-0,5449044	False
2,339312	44,32327	200,0262	0	-0,5449044	False
0,3803402	44,32264	200,2334	0	-0,5352215	False
-1,314893	44,32209	200,4127	0	-0,4771242	False
-2,93336	44,32158	200,5836	0	-0,4577585	False
-4,623365	44,32103	200,7624	0	-0,4383927	False
-6,303162	44,32049	200,9405	0	-0,409344	False
-7,900195	44,31998	201,1095	0	-0,2156863	False
-9,436653	44,31949	201,2746	-0,002662801	0	False
-10,95053	44,31556	201,4444	-0,05107722	0	False
-12,4523	44,28802	201,6226	-0,1769547	0	False
-13,87319	44,20633	201,8022	-0,2253692	1	False
-15,01997	44,08388	201,9874	-0,157589	1	False
-15,66893	43,98736	202,1589	-0,1672719	1	False
-15,92251	43,94009	202,3368	-0,1672719	1	False
-15,9887	43,92299	202,5171	-0,2737836	-0,1672719	False
-16,82782	43,65578	202,7057	-0,3028322	-0,3899783	False
-18,22333	43,08845	202,9148	-0,2737836	-0,5449044	False
-20,4472	41,92143	203,1749	-0,49649	-0,6707819	False
-22,52767	40,24244	203,4385	-1	-0,6707819	False
-23,86855	38,08352	203,6887	-1	-0,6417332	False
-24,57373	35,42776	203,9586	-0,3899783	-0,5545873	False
-24,88426	32,6756	204,231	-0,0801259	-0,3802953	False
-25,08501	30,00371	204,493	-0,02202857	-0,322198	False
-25,29718	26,22758	204,7616	-0,1091745	-0,6998306	False
-25,37366	22,55318	205,0067	-0,06076011	-0,6707819	False
-25,38159	19,02817	205,2419	0	-0,6417332	False
-25,38346	15,50845	205,4766	0	-0,6320504	False
-25,38523	12,16952	205,6993	0	-0,6320504	False
-25,38707	8,63453	205,9352	0	-0,6320504	False
-25,3887	5,533757	206,1422	0	-0,6126846	False
-25,39031	2,459111	206,3472	0	-0,6126846	False
-25,39177	-0,279507	206,5297	0	-0,6030017	False
-25,39325	-3,058728	206,7157	0	-0,2156863	False
-25,39458	-5,547544	206,8842	0	0	False
-25,39616	-8,502621	207,0915	0	0,661099	False
-25,39741	-10,84613	207,2743	0	1	False
-25,39841	-12,71614	207,4534	0	1	False
-25,39918	-14,1463	207,6322	0	1	False
-25,39984	-15,07282	207,7989	0,08980878	1	False
-25,41553	-15,73282	207,9671	0,3512467	0	False
-25,48101	-16,33434	208,145	0,5255386	0	False
-25,59257	-16,81079	208,3123	0,3996611	0	False
-25,72473	-17,20077	208,4805	0,2641007	0	False
-26,01813	-17,89563	208,6599	0,2834665	-0,2156863	False
-26,49187	-18,82614	208,8489	0,3318809	-0,2253692	False
-27,06659	-19,73222	209,0389	0,5449044	-0,235052	False
-27,77405	-20,5621	209,2285	0,6707819	-0,235052	False
-28,52593	-21,1801	209,3981	1	-0,235052	False
-29,44035	-21,62733	209,575	1	-0,235052	False
-30,38356	-21,85311	209,7432	0,5739531	-0,235052	False
-31,33251	-21,94736	209,9091	0,3028322	-0,235052	False
-32,30843	-21,97063	210,0785	0,01234569	-0,235052	False
-33,34218	-21,97978	210,2526	0	-0,2544178	False
-34,39307	-21,98905	210,4192	0	-0,322198	False
-35,81165	-22,00156	210,5796	0	-0,5739531	False
-37,68295	-22,01806	210,7367	0	-0,6804648	False
-39,63663	-22,03529	210,8909	0	-0,6998306	False
-41,77903	-22,05417	211,0591	0	-0,6998306	False
-43,79413	-22,07194	211,2173	0	-0,6804648	False
-45,78242	-22,08947	211,3737	0	-0,6804648	False
-47,76125	-22,10691	211,5287	0	-0,6804648	False
-49,69396	-22,12395	211,6808	0	-0,6804648	False
-51,69979	-22,14164	211,8385	0	-0,6804648	False
-53,70496	-22,15932	211,996	0	-0,6707819	False
-55,66325	-22,1766	212,1495	0	-0,6707819	False
-57,73064	-22,19484	212,3123	0	-0,6707819	False
-59,71027	-22,21229	212,4675	0	-0,6707819	False
-61,6358	-22,22926	212,6191	0	-0,6707819	False
-63,65528	-22,24707	212,7778	0	-0,6707819	False
-65,63767	-22,26454	212,9336	0	-0,661099	False
-67,61082	-22,28193	213,0883	0	-0,661099	False
-69,6768	-22,30015	213,2509	0	-0,661099	False
-71,59	-22,31702	213,401	0	-0,6417332	False
-73,49445	-22,33381	213,5511	0,002662801	-0,5449044	False
-75,19994	-22,34734	213,6851	0,02202857	-0,5061729	False
-77,04477	-22,35334	213,8306	0,06076011	-0,4577585	False
-79,02895	-22,33634	213,9869	0,070443	-0,4190269	False
-80,85898	-22,29356	214,1314	0,070443	-0,1963205	False
-82,68857	-22,22608	214,2765	0,01234569	0	False
-84,46696	-22,15197	214,4213	0	0	False
-86,1757	-22,08061	214,5667	0	0	False
-87,81177	-22,01229	214,7129	0	0,661099	False
-89,16737	-21,9557	214,856	0	1	False
-90,20212	-21,9125	215,0023	0	1	False
-90,87457	-21,88443	215,1474	0	1	False
-91,19618	-21,871	215,2922	0	1	False
-91,23009	-21,86959	215,4322	-0,02202857	0	False
-91,28885	-21,86792	215,5805	-0,1672719	-0,1091745	False
-91,70527	-21,87039	215,7177	-0,3899783	-0,2544178	False
-92,38077	-21,9228	215,8625	-0,5061729	-0,3512467	False
-93,1612	-22,06587	216,0089	-0,6223675	-0,3802953	False
-94,05241	-22,35502	216,1645	-0,6804648	-0,4190269	False
-94,96547	-22,80529	216,3107	-0,6901477	-0,5158557	False
-95,97604	-23,48959	216,4544	-0,6901477	-0,6030017	False
-96,97076	-24,38618	216,6005	-1	-0,6126846	False
-97,78452	-25,43538	216,745	-1	-0,5836359	False
-98,37954	-26,64429	216,8923	-0,6804648	-0,5836359	False
-98,79863	-28,0079	217,0474	-0,5158557	-0,5158557	False
-99,06634	-29,43155	217,2054	-0,322198	-0,4577585	False
-99,23122	-30,8682	217,3633	-0,1479061	-0,3802953	False
-99,3448	-32,26786	217,5172	0	-0,2253692	False
-99,45539	-33,70151	217,6737	0	-0,2156863	False
-99,57922	-35,30668	217,8307	0	-0,3318809	False
-99,71833	-37,11016	217,9869	0	-0,3609295	False
-99,8809	-39,21771	218,1692	0	-0,3609295	False
-100,0386	-41,26166	218,346	0	-0,3609295	False
-100,1851	-43,16056	218,5104	0	-0,3609295	False
-100,3242	-44,96508	218,6663	0	-0,3609295	False
-100,4555	-46,66679	218,8137	0	-0,3609295	False
-100,5826	-48,31407	218,9562	0	-0,3609295	False
-100,7176	-50,06461	219,1077	0	-0,2931494	False
-100,851	-51,79621	219,2575	-0,02202857	-0,2834665	False
-100,973	-53,47684	219,4028	-0,04139434	-0,2544178	False
-101,0809	-55,15792	219,5483	-0,06076011	-0,1866376	False
-101,1692	-56,82164	219,6926	-0,070443	-0,1866376	False
-101,2356	-58,5081	219,8384	-0,09949167	-0,1672719	False
-101,2692	-60,14164	219,9797	-0,1285403	-0,1382232	False
-101,2612	-61,83956	220,1265	-0,1285403	-0,1382232	False
-101,2132	-63,42662	220,2636	-0,1285403	-0,1382232	False
-101,1184	-65,09457	220,4081	-0,1866376	-0,1382232	False
-100,9572	-66,77087	220,554	-0,3125151	-0,1382232	False
-100,6959	-68,42139	220,6986	-0,409344	-0,1382232	False
-100,2892	-70,06113	220,8445	-0,5449044	-0,1382232	False
-99,70545	-71,64546	220,9912	-0,6514161	-0,1382232	False
-98,77594	-73,36364	221,16	-1	-0,1382232	False
-97,13236	-75,16032	221,3714	-1	-0,1382232	False
-94,41666	-76,67837	221,642	-0,6126846	-0,1285403	False
-90,99419	-77,61062	221,9222	-0,3415638	-0,235052	False
-87,42758	-78,06806	222,1959	-0,1866376	-0,1091745	False
-83,993	-78,24759	222,4576	-0,06076011	-0,04139434	False
-80,52666	-78,35267	222,725	0	0	False
-76,6848	-78,46428	222,9938	0	-0,1866376	False
-72,6806	-78,5806	223,2609	0	-0,3512467	False
-68,6684	-78,69724	223,5285	0	-0,4383927	False
-64,63391	-78,81456	223,7975	0	-0,4480756	False
-60,53986	-78,92853	224,0709	-0,04139434	-0,3318809	False
-56,61587	-78,97822	224,3327	-0,06076011	-0,3125151	False
-52,59372	-78,95721	224,601	0	-0,4480756	False
-48,56792	-78,9295	224,8691	0	-0,7772936	False
-44,5462	-78,90181	225,1375	0	-0,7772936	False
-40,5422	-78,87424	225,4045	0	-0,7772936	False
-36,52112	-78,84657	225,6726	0	-0,7772936	False
-32,4046	-78,81821	225,947	0	-0,7772936	False
-28,46817	-78,79114	226,2095	0	-0,7772936	False
-24,45413	-78,7635	226,4771	0	-0,7772936	False
-20,39323	-78,73553	226,7475	0	-0,7676108	False
-16,41349	-78,70812	227,0132	0	-0,7676108	False
-12,39622	-78,68044	227,2811	0	-0,7676108	False
-8,383609	-78,65283	227,5486	0	-0,7676108	False
-4,265899	-78,6245	227,8233	0	-0,7676108	False
-0,3441049	-78,59751	228,0847	0	-0,7676108	False
3,691638	-78,56975	228,3537	0	-0,7676108	False
7,700257	-78,54216	228,621	0	-0,7676108	False
11,72929	-78,51437	228,8897	0	-0,7676108	False
15,56432	-78,4879	229,1453	0	-0,7579279	False
19,61984	-78,45987	229,4159	0	-0,7579279	False
23,28237	-78,43454	229,6601	0	-0,7579279	False
26,55877	-78,4118	229,8786	0	-0,7385621	False
29,63273	-78,39043	230,0834	0	-0,6320504	False
32,81076	-78,36839	230,2961	0	-0,4190269	False
35,91204	-78,34686	230,5038	0	-0,2156863	False
38,96758	-78,32564	230,709	0	0	False
41,89976	-78,30529	230,9099	0	0	False
44,59037	-78,28661	231,1009	0	0	False
47,48104	-78,26655	231,3129	0	0	False
50,12945	-78,24817	231,5146	0	0	False
53,81787	-78,22257	231,8059	0	0	False
56,88529	-78,1797	232,0731	-0,2060034	1	False
59,30471	-77,92846	232,3399	-1	1	False
60,96943	-77,22598	232,61	-1	1	False
62,02568	-76,18797	232,8844	-0,5933188	-0,1866376	False
64,08542	-73,00713	233,1478	-0,409344	-0,4480756	False
65,70318	-69,31834	233,4165	-0,5933188	-0,4577585	False
66,4053	-65,34631	233,6877	-0,6223675	-0,3802953	False
66,31126	-60,94522	233,9845	-0,3802953	0	False
65,6349	-56,96685	234,2649	-0,002662801	0	False
64,89723	-53,30555	234,5331	0	0	False
64,20667	-49,7662	234,8012	0,1285403	0	False
63,70874	-46,24782	235,0757	0,322198	0	False
63,5977	-43,00564	235,3353	0,1285403	0	False
63,65392	-39,75497	235,6063	0	0	False
63,71041	-36,68576	235,8725	0	0	False
63,76458	-33,7429	236,139	0	0	False
63,81659	-30,91735	236,4063	0	0	False
63,86622	-28,22051	236,6738	0	0	False
63,91685	-25,46904	236,9604	0	0	False
63,96039	-23,10276	237,2224	0	1	False
63,99562	-21,18859	237,4906	0	1	False
64,01908	-19,91384	237,7591	0	1	False
64,03102	-19,26492	238,0371	0	1	False
64,03238	-19,19137	238,305	0	0,2156863	False
19,5	33,74183	238,5612	0	0	False
19,5	33,74163	238,7401	0	0	False
19,5	33,74163	238,9859	0	0	False
19,5	33,74163	239,2528	0	0	False
19,5	33,74163	239,4679	0	0	False
19,5	33,82832	239,6685	0	-0,1382232	False
19,50009	34,63052	239,8892	0,05107722	-0,2931494	False
19,54425	35,79965	240,1579	0,4868071	-0,2931494	False
19,77485	36,86877	240,4083	0,6707819	-0,2931494	False
20,18411	37,73827	240,6275	1	-0,2931494	False
20,96357	38,56182	240,8871	0,6707819	-0,2931494	False
22,11705	39,21836	241,1534	0,3996611	-0,4383927	False
23,89784	39,90068	241,4225	0,322198	-0,4868071	False
25,87805	40,39083	241,6982	0,322198	-0,5061729	False
27,94989	40,64735	241,9686	0,1963205	-0,5158557	False
30,02139	40,74538	242,2367	0	-0,5061729	False
32,12793	40,82095	242,5059	0	-0,5158557	False
34,29331	40,89864	242,7726	0	-0,5836359	False
36,99443	40,99557	243,0524	0	-0,661099	False
39,68693	41,09221	243,3203	0	-0,5739531	False
42,27254	41,18502	243,5779	0	-0,5158557	False
44,48455	41,26442	243,7995	0	0	False
47,08599	41,3578	244,069	0	0	False
49,53748	41,4458	244,336	0	0	False
51,49	41,51124	244,5606	0,06076011	0	False
53,25822	41,52299	244,7712	0,322198	0,1382232	False
55,40726	41,31309	245,0399	0,5255386	0,2253692	False
57,35572	40,7199	245,3085	1	0	False
58,91689	39,61677	245,5771	1	0	False
59,94234	38,03292	245,8618	0,6417332	0	False
60,47495	36,32271	246,1238	0,2641007	-0,1963205	False
61,04564	33,61139	246,3918	0,0801259	-0,2931494	False
61,53171	30,8039	246,6611	0,1672719	-0,2931494	False
61,8569	27,87706	246,9397	0,2060034	-0,2931494	False
61,95808	24,88116	247,2072	0,08980878	-0,3802953	False
61,94542	21,78554	247,4646	0	-0,3899783	False
61,93045	19,04074	247,6878	0	-0,3899783	False
61,91413	16,04561	247,9284	0	-0,409344	False
61,89525	12,58171	248,1896	0	-0,5739531	False
61,875	8,863339	248,4373	0	-0,6126846	False
61,85768	5,684664	248,6493	0	-0,6320504	False
61,83765	2,008907	248,8944	0	-0,6126846	False
61,81584	-1,996921	249,1615	0	-0,5545873	False
61,7984	-5,202481	249,3759	0	-0,04139434	False
61,78344	-7,951805	249,5636	0	0	False
61,77076	-10,2824	249,732	0	1	False
61,75889	-12,46394	249,9207	0	1	False
61,75044	-14,01525	250,0897	-0,02202857	1	False
61,75397	-15,16586	250,2578	-0,235052	1	False
61,79713	-15,94973	250,4354	-0,4674413	0,7869765	False
61,88749	-16,46213	250,6204	-0,6030017	-0,002662801	False
62,27001	-17,55221	250,8038	-0,5739531	-0,3802953	False
63,3202	-19,47775	251,0495	-0,6030017	-0,4190269	False
64,98227	-21,39294	251,3168	-0,6804648	-0,4771242	False
66,59996	-22,59534	251,5092	-0,6804648	-0,5158557	False
68,39448	-23,48318	251,6973	-0,6514161	-0,5158557	False
71,03752	-24,2011	251,9544	-0,4577585	-0,4868071	False
73,94969	-24,49999	252,2224	-0,1479061	-0,5449044	False
76,3773	-24,60384	252,4249	0	-0,5836359	False
78,54659	-24,69059	252,6034	0	-0,5739531	False
80,58286	-24,77201	252,7714	0	-0,5836359	False
82,78349	-24,86	252,9486	0	-0,6030017	False
84,90376	-24,94477	253,1179	0	-0,6030017	False
87,21171	-25,03705	253,3018	-0,002662801	-0,5545873	False
89,32932	-25,118	253,4707	-0,03171146	-0,5352215	False
91,32809	-25,1812	253,6298	-0,03171146	-0,4868071	False
93,41974	-25,22991	253,797	-0,06076011	-0,3899783	False
95,66878	-25,2518	253,9767	-0,070443	-0,3318809	False
97,75872	-25,2388	254,1435	-0,06076011	-0,2641007	False
99,7145	-25,20091	254,3002	-0,02202857	-0,2156863	False
101,6706	-25,15371	254,4568	0	-0,1963205	False
103,6419	-25,1057	254,6147	0	-0,1091745	False
105,5695	-25,05874	254,7688	0	-0,09949167	False
107,4983	-25,01176	254,9234	0	-0,06076011	False
109,3266	-24,96725	255,0704	0	-0,002662801	False
111,2376	-24,92071	255,2254	0	0	False
112,9574	-24,87883	255,3709	0	0	False
114,5635	-24,8397	255,5123	0	0	False
116,1399	-24,8013	255,6574	0	0	False
117,5795	-24,76623	255,7954	0	0,1866376	False
118,968	-24,73239	255,9418	0	1	False
120,0055	-24,70711	256,0859	0	1	False
120,6986	-24,69799	256,2309	0,2931494	1	False
121,0441	-24,71196	256,377	0,5061729	1	False
121,0815	-24,71599	256,5216	0,5545873	0,7579279	False
121,0815	-24,71599	256,6673	0,4383927	0	False
121,0815	-24,71599	256,813	0,1963205	0	False
121,0815	-24,71599	256,9586	0	0	False
121,0815	-24,71599	257,1025	0	0	False
121,0815	-24,71599	257,2587	-0,03171146	0	False
121,1901	-24,75942	257,4037	-0,1091745	-0,157589	False
121,6083	-24,91644	257,5452	-0,2156863	-0,235052	False
122,137	-25,09185	257,6905	-0,1285403	-0,1963205	False
122,6637	-25,2546	257,8298	0	-0,1672719	False
123,2891	-25,44747	257,9782	0,1285403	-0,2253692	False
124,0968	-25,71994	258,1305	0,3899783	-0,2834665	False
124,9184	-26,08226	258,2881	0,661099	-0,2834665	False
125,6052	-26,53299	258,4331	1	-0,2834665	False
126,1922	-27,11782	258,5789	1	-0,2834665	False
126,6799	-27,86767	258,7364	1	-0,2834665	False
127,0027	-28,74706	258,9012	1	-0,2834665	False
127,1389	-29,63911	259,0602	0,5061729	-0,2834665	False
127,1735	-30,57693	259,2253	0,1188574	-0,2834665	False
127,1722	-31,42327	259,3734	0	-0,2931494	False
127,1696	-32,53411	259,5408	0	-0,3899783	False
127,1663	-33,88214	259,6968	0	-0,5545873	False
127,1622	-35,60998	259,8517	0	-0,6998306	False
127,1576	-37,51793	260,0116	0	-0,6998306	False
127,1516	-40,01542	260,2209	0	-0,6998306	False
127,1462	-42,25198	260,4082	0	-0,6998306	False
127,1406	-44,58142	260,6035	0	-0,6804648	False
127,1355	-46,66641	260,7781	0	-0,6707819	False
127,131	-48,55347	260,9363	0	-0,6707819	False
127,1268	-50,29465	261,0823	0	-0,6126846	False
127,1224	-52,12301	261,2357	0	-0,5352215	False
127,1182	-53,84858	261,3807	0	-0,409344	False
127,1142	-55,51498	261,5208	0	-0,2641007	False
127,1101	-57,24428	261,6669	0	-0,08980878	False
127,1062	-58,854	261,8043	0	0	False
127,1022	-60,49546	261,9507	0	0	False
127,0985	-62,04577	262,095	0	0	False
127,0946	-63,53323	262,24	0,05107722	0	False
127,0692	-64,95049	262,3846	0,3125151	0	False
126,9661	-66,31778	262,5324	0,409344	0	False
126,7662	-67,57916	262,6774	0,4190269	0	False
126,4595	-68,81634	262,8248	0,4287098	-0,06076011	False
125,8587	-70,5046	263,002	0,5255386	-0,1672719	False
124,9031	-72,34692	263,1933	1	-0,1672719	False
122,9775	-74,4201	263,4441	1	-0,1963205	False
120,3024	-75,76175	263,7071	1	-0,1963205	False
117,2035	-76,13615	263,9764	0,4383927	-0,2253692	False
113,5247	-75,94961	264,2455	0	-0,5352215	False
109,5372	-75,67384	264,512	0	-0,7288792	False
105,5361	-75,39716	264,7794	0	-0,7966594	False
101,5254	-75,12022	265,0474	-0,03171146	-0,7966594	False
97,42667	-74,89446	265,3212	-0,1285403	-0,7966594	False
93,49493	-74,8358	265,5833	-0,002662801	-0,8063423	False
89,48908	-74,82941	265,8506	0	-0,8063423	False
85,45619	-74,82297	266,1194	0	-0,8063423	False
81,44957	-74,81655	266,3865	0	-1	False
77,42548	-74,81011	266,6548	0	-1	False
73,40224	-74,8037	266,9231	0	-1	False
69,28887	-74,79714	267,1975	0	-1	False
65,3585	-74,79085	267,4592	0	-1	False
61,34986	-74,78444	267,7265	0	-1	False
57,31126	-74,77798	267,9957	0	-1	False
53,2987	-74,77158	268,2632	0	-1	False
49,28025	-74,76514	268,5314	0	-1	False
45,26222	-74,75871	268,799	0	-1	False
41,13874	-74,75209	269,0742	0	-1	False
37,86106	-74,74682	269,2925	0	-1	False
34,37199	-74,74123	269,5251	0	-1	False
31,02335	-74,73586	269,7483	0	-1	False
27,67029	-74,73046	269,9721	0	-1	False
24,65484	-74,72562	270,173	0	-1	False
21,6222	-74,72076	270,3751	0	-1	False
18,77223	-74,71617	270,5648	0	-1	False
15,9344	-74,71163	270,7544	0	-1	False
12,93655	-74,70681	270,9542	0	-1	False
10,04858	-74,70216	271,1465	0	-1	False
7,129194	-74,69743	271,3414	0	-1	False
4,524492	-74,69318	271,515	0	-1	False
1,840262	-74,68877	271,6939	0	-1	False
-0,6746508	-74,68465	271,862	0	0	False
-3,257349	-74,68042	272,0389	0	0	False
-5,649949	-74,6765	272,2079	0	0	False
-7,883122	-74,67513	272,375	-0,03171146	0,8838054	False
-9,912836	-74,68807	272,5524	-0,04139434	1	False
-11,52497	-74,71474	272,731	-0,04139434	1	False
-12,7239	-74,74559	272,9077	0	0	False
-13,82225	-74,77579	273,0893	0	0	False
-14,80633	-74,80283	273,2663	0	0	False
-15,66554	-74,82644	273,4353	0	0	False
-16,78963	-74,85733	273,6028	0	-0,1963205	False
-18,18185	-74,89234	273,7813	0,1672719	-0,1963205	False
-19,91909	-74,82108	274,0039	1	-0,1963205	False
-21,91905	-74,16888	274,2746	1	-0,1963205	False
-23,5342	-72,82805	274,5448	1	-0,1963205	False
-24,60761	-70,78515	274,842	1	-0,1963205	False
-24,82078	-68,77295	275,1019	0,6030017	-0,1963205	False
-24,59111	-66,69621	275,3694	0,1672719	-0,1963205	False
-24,22161	-64,61101	275,6404	0	-0,1382232	False
-23,86634	-62,62881	275,9065	0	0	False
-23,53229	-60,76485	276,174	0	0,6804648	False
-23,27305	-59,31832	276,4417	-0,01234569	1	False
-23,13334	-58,4911	276,716	-0,1091745	1	False
-23,09338	-58,18579	276,9796	-0,070443	0	False
-23,07581	-58,01987	277,2474	0	0	False
-23,07159	-57,97926	277,5168	0	0	False
-23,0716	-57,97926	277,7833	0	0	False
-23,07161	-57,97926	278,0518	0	0	False
-23,07161	-57,97926	278,3192	0	0	False
-23,07161	-57,97926	278,6119	0	0	False
-23,07161	-57,97926	278,9005	0	0	False
-23,07161	-57,97926	279,1687	0	0	False
-23,07161	-57,97926	279,4363	0	0	False
-23,07161	-57,97926	279,7051	0	0	False
-23,07161	-57,97926	279,9727	0	0	False
-23,07161	-57,97926	280,24	0	0	False
-23,07161	-57,97926	280,508	0	0	False
-23,07161	-57,97926	280,778	0	0	False
-23,07161	-57,97926	281,0447	0	0	False
-23,07161	-57,97926	281,3132	0	0	False
-23,07161	-57,97926	281,5813	0	0	False
-23,07161	-57,97926	281,8503	0	0	False
-23,07161	-57,97926	282,1176	0	0	False
-23,07161	-57,97926	282,3851	0	0	False
-23,07161	-57,97926	282,6531	0	0	False
-23,07161	-57,97926	282,9207	0	0	False
-23,07161	-57,97926	283,1896	0	0	False
-23,07161	-57,97926	283,4571	0	0	False
-23,07161	-57,97926	283,7262	0	0	False
-23,07161	-57,97926	283,9926	0	0	False
-23,07161	-57,97926	284,2609	0	0	False
-23,07161	-57,97926	284,5289	0	0	False
-23,07161	-57,97926	284,797	0	0	False
-23,07161	-57,97926	285,0663	0	0	False
-23,07161	-57,97926	285,3336	0	0	False
-23,07161	-57,97926	285,6035	0	0	False
-23,07161	-57,97926	285,8694	0	0	False
-23,07161	-57,97926	286,1364	0	0	False
-23,07161	-57,97926	286,4049	0	0	False
-23,07161	-57,97926	286,6752	0	0	False
-23,07161	-57,97926	287,0643	0	0	False
