19.5	33.74163	3.145586	0	0	False
19.5	33.74163	3.347915	0	0	False
19.5	33.74163	3.553922	0	0	False
19.5	33.74163	3.75554	0	0	False
19.5	33.74163	3.957007	0	0	False
19.5	33.74163	4.161165	0	0	False
19.5	33.74163	4.363197	0	0	False
19.5	33.74163	4.568428	0	0	False
19.5	33.74163	4.770932	0	0	False
19.5	33.74163	4.973692	0	0	False
19.5	33.74163	5.178074	0	0	False
19.5	33.74163	5.38301	0	0	False
19.5	33.74163	5.587534	0	0	False
19.5	33.74163	5.791968	0	0	False
19.5	33.74163	3.747553	0	0	False
19.5	33.74163	3.967086	0	0	False
19.5	33.74163	4.202328	0	0	False
19.5	33.74163	4.407838	0	0	False
19.5	33.74163	4.633022	0	0	False
19.5	33.74163	4.858973	0	0	False
19.5	33.74163	5.070991	0	0	False
19.5	33.74163	5.280737	0	0	False
19.5	33.74163	5.492985	0	0	False
19.5	33.74163	5.714638	0	0	False
19.5	33.74163	5.921118	0	0	False
19.5	33.74163	6.122826	0	0	False
19.5	33.74163	6.346323	0	0	False
19.5	33.74163	6.56336	0	0	False
19.5	33.74163	6.765472	0	0	False
19.5	33.74163	6.968759	0	0	False
19.5	33.74163	7.171972	0	0	False
19.5	33.74163	7.387746	0	0	False
19.5	33.74163	7.58907	0	0	False
19.5	33.74163	7.803578	0	0	False
19.5	33.74163	8.028062	0	0	False
19.5	33.74163	8.242124	0	0	False
19.5	33.74163	8.502284	0	0	False
19.5	33.74163	8.725026	0	0	False
19.5	33.74163	8.94898	0	0	False
19.5	33.74163	9.156736	0	0	False
19.5	33.74163	9.366858	0	0	False
19.5	33.74163	9.599322	0	0	False
19.5	33.74163	9.805222	0	0	False
19.5	33.74163	10.02018	0	0	False
19.5	33.74163	10.2314	0	0	False
19.5	33.74163	10.43503	0	0	False
19.5	33.74163	10.66104	0	0	False
19.5	33.74163	10.88202	0	0	False
19.5	33.74163	11.08372	0	0	False
19.5	33.74163	11.3079	0	0	False
19.5	33.74163	11.51962	0	0	False
19.5	33.74163	11.73098	0	0	False
19.5	33.74163	11.9393	0	0	False
19.5	33.74163	12.14976	0	0	False
19.5	33.74163	12.36777	0	0	False
19.5	33.74163	12.57889	0	0	False
19.5	33.74163	12.798	0	0	False
19.5	33.74163	13.00881	0	0	False
19.5	33.74163	13.24191	0	0	False
19.5	33.74163	13.4475	0	0	False
19.5	33.74163	13.68107	0	0	False
19.5	33.74163	13.91	0	0	False
19.5	33.74163	14.12226	0	0	False
19.5	33.74163	14.34188	0	0	False
19.5	33.74163	14.55711	0	0	False
19.5	33.74163	14.77216	0	0	False
19.5	33.74163	14.99881	0	0	False
19.5	33.74163	15.22943	0	0	False
19.5	33.74163	15.45458	0	0	False
19.5	33.74163	15.68273	0	0	False
19.5	33.74163	15.94844	0	0	False
19.5	33.74163	16.18174	0	0	False
19.5	33.74163	16.3929	0	0	False
19.5	33.74163	16.5994	0	0	False
19.5	33.74163	16.81876	0	0	False
19.5	33.74163	17.04577	0	0	False
19.5	33.74163	17.26284	0	0	False
19.5	33.74163	17.46892	0	0	False
19.5	33.74163	17.69799	0	0	False
19.5	33.74163	17.91588	0	0	False
19.5	33.74163	18.13424	0	0	False
19.5	33.74163	18.3583	0	0	False
19.5	33.74163	18.58411	0	0	False
19.5	33.74163	18.80697	0	0	False
19.5	33.74163	19.03151	0	0	False
19.5	33.74163	19.25313	0	0	False
19.5	33.74163	19.47718	0	0	False
19.5	33.74163	19.68708	0	0	False
19.5	33.74163	19.91895	0	0	False
19.5	33.74163	20.14521	0	0	False
19.5	33.74163	20.34812	0	0	False
19.5	33.74163	20.57138	0	0	False
19.5	33.74163	20.78869	0	0	False
19.5	33.74163	20.99935	0	0	False
19.5	33.74163	21.20259	0	0	False
19.5	33.74163	21.43702	0	0	False
19.5	33.74163	21.66098	0	0	False
19.5	33.74163	21.8878	0	0	False
19.5	33.74163	22.09056	0	0	False
19.5	33.74163	22.30063	0	0	False
19.5	33.74163	22.52571	0	0	False
19.5	33.74163	22.74555	0	0	False
19.5	33.74163	22.96526	0	0	False
19.5	33.74163	23.18524	0	0	False
19.5	33.74163	23.39692	0	0	False
19.5	33.74163	23.6079	0	0	False
19.5	33.74163	23.83121	0	0	False
19.5	33.74163	24.0506	0	0	False
19.5	33.74163	24.25827	0	0	False
19.5	33.74163	24.48283	0	0	False
19.5	33.74163	24.69094	0	0	False
19.5	33.74163	24.91323	0	0	False
19.5	33.74163	25.12025	0	0	False
19.5	33.74163	25.33871	0	0	False
19.5	33.74163	25.5497	0	0	False
19.5	33.74163	25.7696	0	0	False
19.5	33.74163	25.99035	0	0	False
19.5	33.74163	26.20557	0	0	False
19.5	33.74163	26.42428	0	0	False
19.5	33.74163	26.64081	0	0	False
19.5	33.74163	26.85041	0	0	False
19.5	33.74163	27.07663	0	0	False
19.5	33.74163	27.28878	0	0	False
19.5	33.74163	27.51247	0	0	False
19.5	33.74163	27.72184	0	0	False
19.5	33.74163	27.95907	0	0	False
19.5	33.74163	28.16876	0	0	False
19.5	33.74163	28.39306	0	0	False
19.5	33.74163	28.59966	0	0	False
19.5	33.74163	28.82132	0	0	False
19.5	33.74163	29.0444	0	0	False
19.5	33.74163	29.25313	0	0	False
19.5	33.74163	29.7102	0	0	False
19.5	33.74163	29.92721	0	0	False
19.5	33.74163	30.14856	0	0	False
19.5	33.74163	30.37461	0	0	False
19.5	33.74163	30.5993	0	0	False
19.5	33.74163	30.80826	0	0	False
19.5	33.74163	31.0279	0	0	False
19.5	33.74163	31.59233	0	0	False
19.5	33.74163	31.83096	0	0	False
19.5	33.74163	32.03685	0	0	False
19.5	33.74163	32.25764	0	0	False
19.5	33.74163	32.66289	0	0	False
19.5	33.74163	32.95045	0	0	False
19.5	33.74163	33.16962	0	0	False
19.5	33.74163	33.37632	0	0	False
19.5	33.74163	33.71111	0	0	False
19.5	33.74163	33.92058	0	0	False
19.5	33.74163	34.13048	0	0	False
19.5	33.74163	34.34724	0	0	False
19.5	33.74163	34.57459	0	0	False
19.5	33.74163	34.79213	0	0	False
19.5	33.74163	35.00869	0	0	False
19.5	33.74163	35.22621	0	0	False
19.5	33.74163	35.44667	0	0	False
19.5	33.74163	35.66452	0	0	False
19.5	33.74163	35.87448	0	0	False
19.5	33.74163	36.08451	0	0	False
19.5	33.74163	36.29689	0	0	False
19.5	33.74163	36.51848	0	0	False
19.5	33.74163	36.72975	0	0	False
19.5	33.74163	36.94799	0	0	False
19.5	33.74163	37.16294	0	0	False
19.5	33.74163	37.37355	0	0	False
19.5	33.74163	37.59716	0	0	False
19.5	33.74163	37.81753	0	0	False
19.5	33.74163	38.05308	0	0	False
19.5	33.74163	38.26729	0	0	False
19.5	33.74163	38.47967	0	0	False
19.5	33.74163	38.70437	0	0	False
19.5	33.74163	38.91877	0	0	False
19.5	33.74163	39.13555	0	0	False
19.5	33.74163	39.34534	0	0	False
19.5	33.74163	39.56517	0	0	False
19.5	33.74163	39.77625	0	0	False
19.5	33.74163	39.98262	0	0	False
19.5	33.74163	40.22089	0	0	False
19.5	33.74163	40.42642	0	0	False
19.5	33.74163	40.64665	0	0	False
19.5	33.74163	40.87104	0	0	False
19.5	33.74163	41.08796	0	0	False
19.5	33.74163	41.31678	0	0	False
19.5	33.74163	41.54473	0	0	False
19.5	33.74163	41.77533	0	0	False
19.5	33.74163	41.98842	0	0	False
19.5	33.74163	42.22488	0	0	False
19.5	33.74163	42.45808	0	0	False
19.5	33.74163	42.67311	0	0	False
19.5	33.74163	42.88026	0	0	False
19.5	33.74163	43.10423	0	0	False
19.5	33.74163	43.31123	0	0	False
19.5	33.74163	43.51981	0	0	False
19.5	33.74163	43.73967	0	0	False
19.5	33.74163	43.9605	0	0	False
19.5	33.74163	44.18237	0	0	False
19.5	33.74163	44.40363	0	0	False
19.5	33.74163	44.62725	0	0	False
19.5	33.74163	44.82983	0	0	False
19.5	33.74163	45.05935	0	0	False
19.5	33.74163	45.27575	0	0	False
19.5	33.74163	45.49244	0	0	False
19.5	33.74163	45.72147	0	0	False
19.5	33.74163	45.94447	0	0	False
19.5	33.74163	46.1508	0	0	False
19.5	33.74163	46.36072	0	0	False
19.5	33.74163	46.58759	0	0	False
19.5	33.74163	46.80894	0	0	False
19.5	33.74163	47.03628	0	0	False
19.5	33.74163	47.25796	0	0	False
19.5	33.74163	47.47934	0	0	False
19.5	33.74163	47.69893	0	0	False
19.5	33.74163	47.91403	0	0	False
19.5	33.74163	48.12833	0	0	False
19.5	33.74163	48.34746	0	0	False
19.5	33.74163	48.55936	0	0	False
19.5	33.74163	48.79243	0	0	False
19.5	33.74163	49.00735	0	0	False
19.5	33.74163	49.22455	0	0	False
19.5	33.74163	49.44039	0	0	False
19.5	33.74163	49.65588	0	0	False
19.5	33.74163	49.86741	0	0	False
19.5	33.74163	50.08461	0	0	False
19.5	33.74163	50.30705	0	0	False
19.5	33.74163	50.51904	0	0	False
19.5	33.74163	50.73374	0	0	False
19.5	33.74163	50.96867	0	0	False
19.5	33.74163	51.19509	0	0	False
19.5	33.74163	51.40767	0	0	False
19.5	33.74163	51.62593	0	0	False
19.5	33.74163	51.8528	0	0	False
19.5	33.74163	52.07415	0	0	False
19.5	33.74163	52.28069	0	0	False
19.5	33.74163	52.50591	0	0	False
19.5	33.74163	52.72198	0	0	False
19.5	33.74163	52.93425	0	0	False
19.5	33.74163	53.16867	0	0	False
19.5	33.74163	53.39913	0	0	False
19.5	33.74163	53.61288	0	0	False
19.5	33.74163	53.84957	0	0	False
19.5	33.74163	54.05626	0	0	False
19.5	33.74163	54.27648	0	0	False
19.5	33.74163	54.4894	0	0	False
19.5	33.74163	54.69373	0	0	False
19.5	33.74163	54.90293	0	0	False
19.5	33.74163	55.10817	0	0	False
19.5	33.74163	55.3341	0	0	False
19.5	33.74163	55.5476	0	0	False
19.5	33.74163	55.76119	0	0	False
19.5	33.74163	55.98008	0	0	False
19.5	33.74163	56.19199	0	0	False
19.5	33.74163	56.39772	0	0	False
19.5	33.74163	56.61498	0	0	False
19.5	33.74163	56.8288	0	0	False
19.5	33.74163	57.04826	0	0	False
19.5	33.74163	57.29621	0	0	False
19.5	33.74163	57.52758	0	0	False
19.5	33.74163	57.7654	0	0	False
19.5	33.74163	57.981	0	0	False
19.5	33.74163	58.19077	0	0	False
19.5	33.74163	58.40651	0	0	False
19.5	33.74163	58.6454	0	0	False
19.5	33.74163	58.8574	0	0	False
19.5	33.74163	59.08772	0	0	False
19.5	33.74163	59.29691	0	0	False
19.5	33.74163	59.52378	0	0	False
19.5	33.74163	59.7452	0	0	False
19.5	33.74163	59.95401	0	0	False
19.5	33.74163	60.17034	0	0	False
19.5	33.74163	60.38747	0	0	False
19.5	33.74163	60.6248	0	0	False
19.5	33.74163	60.83704	0	0	False
19.5	33.74163	61.05481	0	0	False
19.5	33.74163	61.27548	0	0	False
19.5	33.74163	61.48827	0	0	False
19.5	33.74163	61.70306	0	0	False
19.5	34.12169	61.90786	0	0	False
19.49998	35.18326	62.12123	0	0	False
19.49863	35.96025	62.32477	-0.2542944	0	False
19.45524	36.51897	62.5371	-0.5917917	0	False
19.18917	37.6128	62.74685	0	0	False
18.62856	39.61808	62.95657	-0.5105925	0	False
17.80212	41.45092	63.17414	-1	0	False
16.69399	42.74176	63.38661	-1	0	False
15.44833	43.52962	63.60197	-1	0	False
14.2847	43.8502	63.81633	-0.6607555	0	False
13.34045	43.91853	64.02837	-0.02461575	0	False
12.63538	43.94292	64.24577	0	0	False
12.20851	43.95768	64.45516	0	0	False
12.02236	43.96405	64.67376	-0.2127012	0	False
12.01737	43.96415	64.8962	0	0	False
12.01737	43.96415	65.11809	-0.2931681	0	False
12.01738	43.96415	65.32241	0	0	False
12.01738	43.96415	65.53828	0.336336	0	False
11.9663	43.96458	65.7404	0	0	False
11.05955	43.97227	65.95298	0	0	False
9.966751	43.98153	66.16349	0	0	False
8.125049	43.99714	66.3659	0	0	False
6.369971	43.99803	66.56835	-0.4052088	0	False
4.859792	43.90864	66.77142	0	0	False
3.597651	43.82276	66.97561	0	0	False
2.311274	43.73524	67.19682	0	0	False
0.1750715	43.58987	67.40988	0	0	False
-1.806095	43.46175	67.61134	0.3042915	0	False
-3.544659	43.44691	67.81278	0	0	False
-5.14026	43.46027	68.02573	0	0	False
-7.177256	43.47733	68.24337	0	0	False
-8.979597	43.49242	68.45066	0	0	False
-11.15165	43.51058	68.67577	0	0	False
-13.17303	43.52749	68.89377	0	0	False
-15.01061	43.54286	69.12159	0	0	False
-16.52253	43.5555	69.34167	0	0	False
-17.75872	43.56585	69.5596	0	0	False
-18.78914	43.57447	69.79053	0	0	False
-20.01265	43.58467	70.00833	0	0	False
-22.3523	43.60424	70.21487	0	0	False
-25.50743	43.63063	70.42598	0	0	False
-28.92385	43.65919	70.65473	0	0	False
-32.20913	43.68667	70.87254	0	0	False
-35.57801	43.71484	71.09706	0	0	False
-38.67422	43.72931	71.30351	-0.2105334	0	False
-41.98314	43.65849	71.52427	0	0	False
-45.41671	43.58192	71.75325	0	0	False
-48.66211	43.50954	71.97043	0	0	False
-52.02451	43.43454	72.19456	0	0	False
-55.31829	43.37811	72.4136	0	0	False
-58.47136	43.33786	72.6239	0	0	False
-61.7966	43.31714	72.84538	0	0	False
-65.13194	43.33667	73.06779	0.1500597	0	False
-68.68935	43.49663	73.30537	0	0	False
-71.80434	43.68849	73.51372	0	0	False
-75.1701	43.8664	73.73804	-0.32022	0	False
-78.51613	43.86567	73.96127	0	0	False
-81.77402	43.85268	74.1783	0	0	False
-84.80975	43.84058	74.38242	0	0	False
-87.63779	43.82933	74.587	0	0	False
-90.30076	43.81874	74.79729	0	0	False
-92.82787	43.75976	75.01982	-0.5624691	0	False
-94.9483	43.3538	75.22888	-1	0	False
-96.62324	42.5093	75.43729	-0.8776826	0	False
-97.86212	41.37479	75.65166	-1	0	False
-98.58157	40.17667	75.86275	-0.5890156	0	False
-99.21954	38.47969	76.09909	0	0	False
-100.1616	35.79255	76.31405	-0.3202227	0	False
-101.0366	32.62056	76.53147	0	0	False
-101.7899	29.32924	76.75703	-0.453306	0	False
-102.0997	26.28304	76.96146	-0.7582673	0	False
-101.8784	23.17738	77.16875	-0.1350965	0	False
-101.4911	20.07973	77.37718	0	0	False
-101.1441	16.79442	77.59753	0.1586826	0	False
-100.9295	13.43904	77.82182	0.0604851	0	False
-100.8173	10.19372	78.03825	0	0	False
-100.7662	6.882062	78.25977	0	0	False
-100.719	3.808729	78.4787	0.0999975	0	False
-100.7769	0.87423	78.70746	0	0	False
-100.8754	-1.573641	78.9176	0	0	False
-100.99	-4.417065	79.14056	0	0	False
-101.0941	-7.002554	79.35194	0	0	False
-101.2067	-9.80004	79.57001	0	0	False
-101.3291	-12.83757	79.78028	0	0	False
-101.4495	-15.8274	80.006	0	0	False
-101.4757	-18.36509	80.21677	-0.6325524	0	False
-101.0894	-20.59892	80.42638	-1	0	False
-100.2276	-22.36481	80.63024	-1	0	False
-99.05544	-23.64793	80.83703	-1	0	False
-97.54979	-24.51272	81.07881	-1	0	False
-96.18713	-24.7765	81.30977	-0.9332128	0	False
-94.36777	-24.59768	81.53641	-0.2525202	0	False
-91.34843	-24.06219	81.75967	0	0	False
-87.86192	-23.56505	81.99442	0.227139	0	False
-84.23554	-23.2902	82.23689	0.2383569	0	False
-80.79893	-23.19232	82.46604	0	0	False
-77.45918	-23.13613	82.6888	0	0	False
-74.02227	-23.07832	82.91801	0	0	False
-70.60532	-23.14436	83.14603	0.5499678	0	False
-67.17132	-23.63197	83.37712	0	0	False
-63.80194	-24.08251	83.60389	-0.2788341	0	False
-60.57315	-24.29814	83.8196	0	0	False
-57.16027	-24.42719	84.04756	-0.2541195	0	False
-53.81628	-24.34598	84.27051	0	0	False
-50.45351	-24.25817	84.49468	0	0	False
-47.23934	-24.17428	84.70877	0	0	False
-44.12547	-24.09305	84.92486	0	0	False
-41.24761	-24.0597	85.14224	0.007656299	0	False
-38.56075	-24.08627	85.35117	0	0	False
-35.37272	-24.11782	85.56374	0	0	False
-32.25264	-24.14871	85.77873	0	0	False
-29.25465	-24.17841	85.98368	0	0	False
-26.41515	-24.20655	86.18972	0	0	False
-23.38717	-24.23658	86.39603	0	0	False
-20.04083	-24.26977	86.62858	0	0	False
-17.12445	-24.29871	86.83669	0	0	False
-14.37401	-24.32602	87.04815	0	0	False
-11.30294	-24.35653	87.2563	0	0	False
-8.452673	-24.38485	87.4621	0	0	False
-5.738266	-24.41182	87.67652	0	0	False
-2.797755	-24.44103	87.88205	0	0	False
0.02110575	-24.46903	88.08401	0	0	False
2.963037	-24.49825	88.28941	0	0	False
5.887722	-24.5273	88.49485	0	0	False
8.630899	-24.55455	88.70544	0	0	False
11.07595	-24.57884	88.91146	0	0	False
13.23025	-24.60024	89.11553	0	0	False
15.2034	-24.61984	89.32253	0	0	False
16.96089	-24.6373	89.52811	0	0	False
19.09146	-24.65846	89.74164	0	0	False
20.93143	-24.67675	89.94987	0	0	False
22.50907	-24.68026	90.15606	-0.1037004	0	False
23.93546	-24.64947	90.36131	0	0	False
25.60531	-24.61323	90.5638	0	0	False
27.49592	-24.57221	90.7731	0	0	False
29.43024	-24.53023	90.97762	0	0	False
31.22038	-24.51475	91.19537	0	0	False
32.70105	-24.52538	91.40483	0	0	False
33.9316	-24.53421	91.61304	0	0	False
34.9028	-24.54117	91.82221	0	0	False
35.64471	-24.54651	92.03686	0	0	False
36.09762	-24.54975	92.23838	0	0	False
36.31824	-24.55133	92.44715	0	0	False
36.33495	-24.55144	92.65415	0	0	False
36.33495	-24.55144	92.86092	0	0	False
36.33495	-24.55144	93.07053	0	0	False
36.33495	-24.55144	93.28713	0	0	False
36.33495	-24.55144	93.4996	0	0	False
36.33495	-24.55144	93.7059	0	0	False
36.33495	-24.55144	93.91219	0	0	False
36.34368	-24.55151	94.1335	0	0	False
37.16333	-24.55736	94.34863	0	0	False
38.81438	-24.56914	94.55678	0	0	False
40.27896	-24.57959	94.76593	0	0	False
41.62978	-24.58923	94.98876	0	0	False
43.45008	-24.60221	95.19951	0	0	False
45.16617	-24.61446	95.40603	0	0	False
46.70266	-24.62542	95.62387	0	0	False
47.97781	-24.63452	95.84221	0	0	False
49.02678	-24.64201	96.06876	0	0	False
50.2551	-24.65079	96.28497	0	0	False
52.23145	-24.66491	96.49751	0	0	False
54.463	-24.68083	96.70986	0	0	False
57.62182	-24.62791	96.92817	-0.5903798	0	False
60.6572	-24.01272	97.15815	-1	0	False
63.01714	-22.70415	97.37742	-1	0	False
64.63393	-21.01477	97.58819	-1	0	False
65.63927	-18.97247	97.81744	-1	0	False
65.90396	-17.20237	98.02295	-1	0	False
65.7123	-15.66959	98.22835	-0.6381955	0	False
65.11609	-13.84807	98.44141	0	0	False
64.14017	-11.10384	98.6451	0.258225	0	False
63.29878	-8.182238	98.84776	0.04993857	0	False
62.59244	-5.218765	99.05036	0.3590535	0	False
62.06254	-2.204301	99.26148	0	0	False
61.54868	0.7468963	99.48578	-0.3321225	0	False
60.83267	3.281088	99.70304	-0.9837784	0	False
59.66921	5.235355	99.91089	-1	0	False
58.23669	6.623627	100.1164	-1	0	False
56.66958	7.379447	100.3211	-1	0	False
55.10061	7.615001	100.5377	-0.6582477	0	False
53.85366	7.573704	100.7411	0.3057819	0	False
52.78242	7.621378	100.9453	0.919409	0	False
50.95008	8.149622	101.1476	0.493483	0	False
48.20086	9.240787	101.3523	-0.4582926	0	False
45.10207	10.01855	101.5656	-0.725835	0	False
42.01255	10.184	101.7721	-0.1066413	0	False
38.99445	10.20189	101.9736	0	0	False
35.96636	10.21941	102.1752	0	0	False
32.94267	10.23689	102.3768	0	0	False
29.84867	10.25479	102.5831	0	0	False
26.76967	10.27258	102.7884	0	0	False
23.65817	10.29054	102.9958	0	0	False
20.51669	10.30863	103.2066	0	0	False
17.30049	10.32712	103.4197	0	0	False
14.12842	10.34535	103.6306	0	0	False
10.85363	10.36416	103.849	0	0	False
7.776144	10.38185	104.0548	0	0	False
4.544801	10.40041	104.2816	0	0	False
1.770766	10.41635	104.4952	0	0	False
-0.8042282	10.43113	104.7114	0	0	False
-2.998035	10.44372	104.9178	0	0	False
-5.173082	10.4562	105.1478	0	0	False
-7.006578	10.46671	105.3707	0	0	False
-8.532317	10.47546	105.5878	0	0	False
-9.811462	10.4828	105.8053	0	0	False
-10.79618	10.48844	106.0172	0	0	False
-11.54322	10.49272	106.2352	0	0	False
-12.02913	10.49551	106.453	0	0	False
-12.25649	10.49681	106.6714	0	0	False
-12.2748	10.49691	106.8924	0	0	False
-12.2748	10.49691	107.1044	0	0	False
-12.2748	10.49691	107.3052	0	0	False
-12.2748	10.49691	107.5256	0	0	False
-12.2748	10.49691	107.744	0	0	False
-12.2748	10.49691	107.9613	0	0	False
-12.2748	10.49691	108.1664	0	0	False
-12.2748	10.49691	108.398	0	0	False
-12.2748	10.49691	108.6501	0	0	False
-12.2748	10.49691	108.8703	0	0	False
-12.2748	10.49691	109.0818	0	0	False
-12.2748	10.49691	109.2965	0	0	False
-12.2748	10.49691	109.5053	0	0	False
-12.2748	10.49691	109.7163	0	0	False
-12.2748	10.49691	109.9285	0	0	False
-12.2748	10.49691	110.1371	0	0	False
-12.2748	10.49691	110.3517	0	0	False
-12.2748	10.49691	110.573	0	0	False
-12.2748	10.49691	110.7756	0	0	False
-12.2748	10.49691	110.9879	0	0	False
-12.2748	10.49691	111.1995	0	0	False
-12.2748	10.49691	111.4255	0	0	False
-12.2748	10.49691	111.6456	0	0	False
-12.2748	10.49691	111.8564	0	0	False
-12.2748	10.49691	112.0617	0	0	False
-12.2748	10.49691	112.2817	0	0	False
-12.2748	10.49691	112.4936	0	0	False
-12.2748	10.49691	112.7161	0	0	False
-12.2748	10.49691	112.9422	0	0	False
-12.2748	10.49691	113.1594	0	0	False
-12.2748	10.49691	113.3752	0	0	False
-12.2748	10.49691	113.5945	0	0	False
-12.2748	10.49691	113.8073	0	0	False
-12.2748	10.49691	114.0254	0	0	False
-12.2748	10.49691	114.2419	0	0	False
-12.2748	10.49691	114.4525	0	0	False
-12.2748	10.49691	114.6678	0	0	False
-12.2748	10.49691	114.8701	0	0	False
-12.2748	10.49691	115.0896	0	0	False
-12.2748	10.49691	115.2986	0	0	False
-12.2748	10.49691	115.5271	0	0	False
-12.2748	10.49691	115.7347	0	0	False
-12.2748	10.49691	115.9664	0	0	False
-12.2748	10.49691	116.1883	0	0	False
-12.2748	10.49691	116.4004	0	0	False
-12.2748	10.49691	116.6088	0	0	False
-12.2748	10.49691	116.8237	0	0	False
-12.2748	10.49691	117.0438	0	0	False
-12.2748	10.49691	117.2562	0	0	False
-12.2748	10.49691	117.4846	0	0	False
-12.2748	10.49691	118.5791	0	0	False
-12.2748	10.49691	118.807	0	0	False
-12.2748	10.49691	119.0271	0	0	False
-12.2748	10.49691	119.2588	0	0	False
-12.2748	10.49691	119.494	0	0	False
-12.2748	10.49691	119.7208	0	0	False
-12.2748	10.49691	119.9355	0	0	False
-12.2748	10.49691	120.1574	0	0	False
-12.2748	10.49691	120.3904	0	0	False
-12.2748	10.49691	120.6096	0	0	False
-12.2748	10.49691	120.834	0	0	False
-12.2748	10.49691	121.054	0	0	False
-12.2748	10.49691	121.2655	0	0	False
-12.2748	10.49691	121.4702	0	0	False
-12.2748	10.49691	121.6804	0	0	False
-12.2748	10.49691	121.8943	0	0	False
-12.2748	10.49691	122.1076	0	0	False
-12.2748	10.49691	122.3773	0	0	False
-12.2748	10.49691	122.5944	0	0	False
-12.2748	10.49691	122.8099	0	0	False
-12.2748	10.49691	123.0301	0	0	False
-12.2748	10.49691	123.2991	0	0	False
-12.2748	10.49691	123.5317	0	0	False
-12.2748	10.49691	123.7325	0	0	False
-12.2748	10.49691	123.9338	0	0	False
-12.2748	10.49691	124.1852	0	0	False
-12.2748	10.49691	124.3902	0	0	False
-12.2748	10.49691	124.6768	0	0	False
-12.2748	10.49691	124.9085	0	0	False
-12.2748	10.49691	125.1305	0	0	False
-12.2748	10.49691	125.3471	0	0	False
-12.2748	10.49691	125.5576	0	0	False
-12.2748	10.49691	125.776	0	0	False
-12.2748	10.49691	125.9793	0	0	False
-12.2748	10.49691	126.188	0	0	False
-12.2748	10.49691	126.4034	0	0	False
-12.2748	10.49691	126.6174	0	0	False
-12.2748	10.49691	126.8292	0	0	False
-12.40495	10.49766	127.0474	0	0	False
-13.68789	10.50501	127.2739	0	0	False
-16.51305	10.52119	127.5209	0.0646551	0	False
-19.50805	10.68571	127.7583	0.7767888	0	False
-21.86904	11.37923	127.9737	1	0	False
-23.82573	12.70216	128.2054	1	0	False
-25.1479	14.46108	128.4585	1	0	False
-25.7536	16.43867	128.6988	0.6797944	0	False
-25.95132	19.16131	128.9109	0.0427906	0	False
-26.07158	22.31197	129.1322	0	0	False
-26.17737	25.08352	129.3452	0	0	False
19.5	33.74163	129.6342	0	0	False
19.5	33.74163	129.8484	0	0	False
19.5	33.74163	130.0598	0	0	False
19.49999	34.34883	130.2882	0	0	False
19.50064	35.85536	130.5212	0.1678731	0	False
19.60113	37.19533	130.7675	0.9073099	0	False
19.89624	38.04767	130.9802	1	0	False
20.33546	38.63173	131.2233	1	0	False
20.69565	38.87634	131.4544	0.7713193	0	False
21.98359	39.31544	131.7131	0	0	False
24.57713	40.00461	131.9562	0.4324461	0	False
27.97046	40.56005	132.186	0.197346	0	False
31.13388	40.93892	132.3985	0	0	False
35.02489	41.28525	132.6593	0.2720304	0	False
38.28595	41.34988	132.8766	0	0	False
41.43124	41.40497	133.0862	0	0	False
44.71614	41.46252	133.3058	0	0	False
47.89732	41.51822	133.5309	0	0	False
50.68091	41.56696	133.7459	0	0	False
53.4692	41.61575	133.982	0	0	False
55.76076	41.65584	134.2001	0	0	False
57.93295	41.69386	134.4321	0	0	False
59.6488	41.7239	134.6424	0	0	False
61.26724	41.75225	134.8754	0	0	False
62.60026	41.77559	135.108	0	0	False
63.66631	41.79427	135.3394	0	0	False
64.51104	41.80906	135.5727	0	0	False
66.24268	41.83939	135.7929	0	0	False
69.39812	41.88902	136.0242	0.2669784	0	False
72.50975	41.73122	136.2314	0.04662212	0	False
76.09115	41.42266	136.4711	0	0	False
79.63647	41.11724	136.7085	0	0	False
83.46116	40.79216	136.965	-0.2437599	0	False
86.94257	40.73097	137.1968	0	0	False
90.31198	40.77265	137.4214	0	0	False
93.87373	40.81672	137.6587	0	0	False
97.28181	40.85889	137.8863	0	0	False
101.0421	40.90543	138.1368	0	0	False
104.9669	40.954	138.3997	0	0	False
108.4472	40.99707	138.633	0	0	False
111.8815	41.03957	138.8815	0	0	False
19.5	33.74163	3.80769	0	0	False
19.5	33.74163	4.064557	0	0	False
19.5	33.74163	4.265369	0	0	False
19.5	33.74163	4.475494	0	0	False
19.5	33.74163	4.711826	0	0	False
19.5	33.74163	4.93139	0	0	False
19.5	33.74163	5.138418	0	0	False
19.5	33.74163	5.349128	0	0	False
19.5	33.74163	5.553565	0	0	False
19.5	33.74163	5.77179	0	0	False
19.5	33.74163	5.972127	0	0	False
19.5	33.74163	6.189796	0	0	False
19.5	33.74163	6.402163	0	0	False
19.5	33.74163	6.614536	0	0	False
19.5	33.74163	6.854621	0	0	False
19.5	33.74163	7.058201	0	0	False
19.5	33.74163	7.275548	0	0	False
19.5	33.74163	7.53671	0	0	False
19.5	33.74163	7.750636	0	0	False
19.5	33.74163	7.974247	0	0	False
19.5	33.74163	8.174809	0	0	False
19.5	33.74163	8.397425	0	0	False
19.5	33.74163	8.624086	0	0	False
19.5	33.74163	8.833931	0	0	False
19.5	33.74163	9.055154	0	0	False
19.5	33.74163	9.285529	0	0	False
19.5	33.74163	9.516108	0	0	False
19.5	33.74163	9.736535	0	0	False
19.5	33.74163	9.971106	0	0	False
19.5	33.74163	10.18269	0	0	False
19.5	33.74163	10.40254	0	0	False
19.5	33.74163	10.61112	0	0	False
19.5	33.74163	10.82297	0	0	False
19.5	33.74163	11.05522	0	0	False
19.5	33.74163	11.25759	0	0	False
19.5	33.74163	11.47558	0	0	False
19.5	33.74163	11.71847	0	0	False
19.5	33.74163	11.92969	0	0	False
19.5	33.74163	12.1375	0	0	False
19.5	33.74163	12.3567	0	0	False
19.5	33.74163	12.58085	0	0	False
19.5	33.74163	12.80534	0	0	False
19.5	33.74163	13.01407	0	0	False
19.5	33.74163	13.24737	0	0	False
19.5	33.74163	13.46368	0	0	False
19.5	33.74163	13.68579	0	0	False
19.5	33.74163	13.88658	0	0	False
19.5	33.74163	14.10152	0	0	False
19.5	33.74163	14.31546	0	0	False
19.5	33.74163	14.5522	0	0	False
19.5	33.74163	14.75952	0	0	False
19.5	33.74163	14.98362	0	0	False
19.5	33.74163	15.2161	0	0	False
19.5	33.74163	15.42797	0	0	False
19.5	33.74163	15.65464	0	0	False
19.5	33.74163	15.85581	0	0	False
19.5	33.74163	16.09582	0	0	False
19.5	33.74163	16.32012	0	0	False
19.5	33.74163	16.53095	0	0	False
19.5	33.74163	16.75457	0	0	False
19.5	33.74163	16.96892	0	0	False
19.5	33.74163	17.19127	0	0	False
19.5	33.74163	17.40521	0	0	False
19.5	33.74163	17.62655	0	0	False
19.5	33.74163	17.84027	0	0	False
19.5	33.74163	18.05186	0	0	False
19.5	33.74163	18.28503	0	0	False
19.5	33.74163	18.52113	0	0	False
19.5	33.74163	18.73565	0	0	False
19.5	33.74163	18.94561	0	0	False
19.5	33.74163	19.17642	0	0	False
19.5	33.74163	19.3954	0	0	False
19.5	33.74163	19.61123	0	0	False
19.5	33.74163	19.82347	0	0	False
19.5	33.74163	20.05466	0	0	False
19.5	33.74163	20.26046	0	0	False
19.5	33.74163	20.48266	0	0	False
19.5	33.74163	20.68942	0	0	False
19.5	33.74163	20.8906	0	0	False
19.5	33.74163	21.09733	0	0	False
19.5	33.74163	21.32286	0	0	False
19.5	33.74163	21.53617	0	0	False
19.5	33.74163	21.76113	0	0	False
19.5	33.74163	21.97705	0	0	False
19.5	33.74163	22.2057	0	0	False
19.5	33.74163	22.42217	0	0	False
19.5	33.74163	22.64579	0	0	False
19.5	33.74163	22.86474	0	0	False
19.5	33.74163	23.08989	0	0	False
19.5	33.74163	23.29651	0	0	False
19.5	33.74163	23.52001	0	0	False
19.5	33.74163	23.7334	0	0	False
19.5	33.74163	23.94798	0	0	False
19.5	33.74163	24.17142	0	0	False
19.5	33.74163	24.38631	0	0	False
19.5	33.74163	24.6108	0	0	False
19.5	33.74163	24.82361	0	0	False
19.5	33.74163	25.03421	0	0	False
19.5	33.74163	25.24867	0	0	False
19.5	33.74163	25.50195	0	0	False
19.5	33.74163	25.73294	0	0	False
19.5	33.74163	25.96111	0	0	False
19.5	33.74163	26.18139	0	0	False
19.5	33.74163	26.39433	0	0	False
19.5	33.74163	26.60667	0	0	False
19.5	33.74163	26.82392	0	0	False
19.5	33.74163	27.04129	0	0	False
19.5	33.74163	27.27537	0	0	False
19.5	33.74163	27.48699	0	0	False
19.5	33.74163	27.6943	0	0	False
19.5	33.74163	27.90973	0	0	False
19.5	33.74163	28.12632	0	0	False
19.5	33.74163	28.34761	0	0	False
19.5	33.74163	28.55018	0	0	False
19.5	33.74163	28.75079	0	0	False
19.5	33.74163	28.9529	0	0	False
19.5	33.74163	29.15552	0	0	False
19.5	33.74163	29.35768	0	0	False
19.5	33.74163	29.56062	0	0	False
19.5	33.74163	29.76247	0	0	False
19.5	33.74163	29.98182	0	0	False
19.5	33.74163	30.19239	0	0	False
19.5	33.74163	30.3962	0	0	False
19.5	33.74163	30.6026	0	0	False
19.5	33.74163	30.80273	0	0	False
19.5	33.74163	31.01102	0	0	False
19.5	33.74163	31.22606	0	0	False
19.5	33.74163	31.4491	0	0	False
19.5	33.74163	31.66762	0	0	False
19.5	33.74163	31.88804	0	0	False
19.5	33.74163	32.11062	0	0	False
19.5	33.74163	32.32426	0	0	False
19.5	33.74163	32.55688	0	0	False
19.5	33.74163	32.76111	0	0	False
19.5	33.74163	32.97711	0	0	False
19.5	33.74163	33.19467	0	0	False
19.5	33.74163	33.40761	0	0	False
19.5	33.74163	33.61768	0	0	False
19.5	33.74163	33.83819	0	0	False
19.5	33.74163	34.05751	0	0	False
19.5	33.74163	34.28268	0	0	False
19.5	33.74163	34.49969	0	0	False
19.5	33.74163	34.7143	0	0	False
19.5	33.74163	34.92171	0	0	False
19.5	33.74163	35.14761	0	0	False
19.5	33.74163	35.39724	0	0	False
19.5	33.74163	35.61494	0	0	False
19.5	33.74163	35.82752	0	0	False
19.5	33.74163	36.05873	0	0	False
19.5	33.74163	36.31964	0	0	False
19.5	33.74163	36.7149	0	0	False
19.5	33.74163	36.94703	0	0	False
19.5	33.74163	37.16664	0	0	False
19.5	33.74163	37.38615	0	0	False
19.5	33.74163	37.60448	0	0	False
19.5	33.74163	37.82582	0	0	False
19.5	33.74163	38.03265	0	0	False
19.5	33.74163	38.2387	0	0	False
19.5	33.74163	38.78013	0	0	False
19.5	33.74163	38.99446	0	0	False
19.5	33.74163	39.20193	0	0	False
19.5	33.74163	39.42696	0	0	False
19.5	33.74163	39.64242	0	0	False
19.5	33.74163	39.84784	0	0	False
19.5	33.74163	40.06346	0	0	False
19.5	33.74163	40.2701	0	0	False
19.5	33.74163	40.48679	0	0	False
19.5	33.74163	40.71731	0	0	False
19.5	33.74163	40.93646	0	0	False
19.5	33.74163	41.14918	0	0	False
19.5	33.74163	41.36054	0	0	False
19.5	33.74163	41.57603	0	0	False
19.5	33.74163	41.78742	0	0	False
19.5	33.74163	42.01101	0	0	False
19.5	33.74163	42.2401	0	0	False
19.5	33.74163	42.45876	0	0	False
19.5	33.74163	42.67526	0	0	False
19.5	33.74163	42.90463	0	0	False
19.5	33.74163	43.127	0	0	False
19.5	33.74163	43.345	0	0	False
19.5	33.74163	43.56239	0	0	False
19.5	33.74163	43.78698	0	0	False
19.5	33.74163	44.01056	0	0	False
19.5	33.74163	44.2167	0	0	False
19.5	33.74163	44.41882	0	0	False
19.5	33.74163	44.63587	0	0	False
19.5	33.74163	44.86036	0	0	False
19.5	33.74163	45.07843	0	0	False
19.5	33.74163	45.2961	0	0	False
19.5	33.74163	45.5035	0	0	False
19.5	33.74163	45.72744	0	0	False
19.49999	34.22202	45.93388	0	0	False
19.46718	35.28769	46.15219	-0.6549912	0	False
19.27201	36.11744	46.38126	-1	0	False
18.4672	37.4678	46.60356	-0.3909759	0	False
16.84449	39.52925	46.81392	-0.6695076	0	False
14.84576	41.26722	47.02311	-1	0	False
12.59596	42.29221	47.22404	-0.8978776	0	False
9.297494	42.9188	47.44873	-0.2238534	0	False
6.258961	43.21897	47.65223	-0.4248501	0	False
2.82961	43.28627	47.88235	0	0	False
-0.4277211	43.29464	48.09771	0	0	False
-3.650012	43.30289	48.31298	0	0	False
-6.863008	43.31112	48.52719	0	0	False
-10.10674	43.31942	48.74384	0	0	False
-13.26457	43.32751	48.95517	0	0	False
-16.61581	43.3361	49.17791	0	0	False
-19.73999	43.3441	49.38565	0	0	False
-22.68673	43.35163	49.58974	0	0	False
-25.44147	43.35864	49.79715	0	0	False
-27.94659	43.36501	50.00543	0	0	False
-30.31228	43.37106	50.22268	0	0	False
-32.3878	43.37634	50.43755	0	0	False
19.5	33.74163	3.786651	0	0	False
19.5	33.74163	4.043366	0	0	False
19.5	33.74163	4.246311	0	0	False
19.5	33.74163	4.459869	0	0	False
19.5	33.74163	4.662878	0	0	False
19.5	33.74163	4.865269	0	0	False
19.5	33.74163	5.066801	0	0	False
19.5	33.74163	5.279144	0	0	False
19.5	33.74163	5.4989	0	0	False
19.5	33.74163	5.710011	0	0	False
19.5	33.74163	5.911471	0	0	False
19.5	33.74163	6.11546	0	0	False
19.5	33.74163	6.323884	0	0	False
19.5	33.74163	6.545166	0	0	False
19.5	33.74163	6.752135	0	0	False
19.5	33.74163	6.953837	0	0	False
19.5	33.74163	7.154665	0	0	False
19.5	33.74163	7.390774	0	0	False
19.5	33.74163	7.595215	0	0	False
19.5	33.74163	7.80232	0	0	False
19.5	33.74163	8.003957	0	0	False
19.5	33.74163	8.207171	0	0	False
19.5	33.74163	8.418085	0	0	False
19.5	33.74163	8.652349	0	0	False
19.5	33.74163	8.87579	0	0	False
19.5	33.74163	9.084257	0	0	False
19.5	33.83337	9.307281	0	0	False
19.49998	34.8353	9.545277	0	0	False
19.49991	35.74733	9.788907	0	0	False
19.49987	36.55781	10.0148	0	0	False
19.46012	37.87977	10.25338	-0.6672039	0	False
19.25932	38.76271	10.46254	-1	0	False
18.69115	39.67989	10.69794	-0.7988293	0	False
17.0722	41.29537	10.92607	-0.2264901	0	False
14.62919	43.23013	11.13821	-0.8637947	0	False
11.41752	44.63318	11.38346	-1	0	False
8.451484	44.87315	11.61096	-1	0	False
5.22786	44.03209	11.89095	0.2036208	0	False
2.947641	43.35703	12.11226	0.8675466	0	False
-0.07443815	43.31079	12.351	0.6994396	0	False
-3.276245	43.92785	12.56847	-0.206343	0	False
-6.487487	44.39224	12.78515	-0.6269591	0	False
-10.13711	44.34288	13.02841	-0.3957435	0	False
-13.34218	43.88693	13.24458	-0.2505285	0	False
-16.66419	43.16568	13.47127	0.3981945	0	False
-20.39543	42.62893	13.72261	0.056169	0	False
-24.02824	42.29449	13.96614	0.008594342	0	False
-27.23055	42.13223	14.17976	0.3913104	0	False
-30.55906	42.29514	14.40203	0.1315563	0	False
-33.99883	42.65929	14.63269	0	0	False
-37.37331	42.97664	14.8587	-0.3054435	0	False
-41.0945	43.12005	15.10679	0	0	False
-44.2805	43.17416	15.31921	-0.4374231	0	False
-47.44545	42.96857	15.53248	0	0	False
-50.99719	42.76568	15.76799	0.01787671	0	False
-54.1861	42.66707	15.98087	0.0515403	0	False
-57.79285	42.69263	16.22121	0.0009888038	0	False
-61.08066	42.82494	16.44069	0	0	False
-64.37837	42.95768	16.66125	0	0	False
-67.92785	43.10055	16.89718	0	0	False
-71.27631	43.23532	17.12086	0	0	False
-74.71665	43.37382	17.35226	0	0	False
-78.33003	43.51933	17.59172	0	0	False
-81.9053	43.6633	17.83054	0	0	False
-85.48482	43.80745	18.06885	0	0	False
-89.09141	43.9527	18.3096	0	0	False
-92.27776	44.01918	18.52764	-0.5493747	0	False
-95.58612	43.47789	18.77468	-1	0	False
-98.22836	42.04704	19.01941	-1	0	False
-100.0975	39.94594	19.27334	-1	0	False
-100.9725	37.77727	19.50979	-1	0	False
-101.1404	35.12458	19.73141	-0.5010801	0	False
-100.8826	31.94755	19.94394	0	0	False
-100.5583	28.47818	20.17583	0.3022248	0	False
-100.5252	24.98133	20.40962	0.1033428	0	False
-100.6866	21.33492	20.65289	0	0	False
-100.8263	18.18214	20.86361	0	0	False
-100.9668	15.01319	21.07473	0	0	False
-101.1152	11.66534	21.29786	0	0	False
-101.2653	8.278792	21.52415	0	0	False
-101.4116	4.978505	21.74494	0	0	False
-101.5643	1.535234	21.97454	0	0	False
-101.7045	-1.627482	22.1852	0	0	False
-101.8509	-4.930549	22.40573	0	0	False
-101.9993	-8.278226	22.62914	0	0	False
-102.1493	-11.66117	22.85484	-0.0917073	0	False
-102.14	-14.77435	23.07049	-0.7348341	0	False
-101.5062	-17.62824	23.28856	-1	0	False
-99.89025	-20.28766	23.5484	-1	0	False
-97.46964	-22.1297	23.82686	-1	0	False
-94.46813	-22.98119	24.10014	-0.3646109	0	False
-90.32144	-23.5612	24.38027	0	0	False
-85.76615	-24.11573	24.68548	-0.3953418	0	False
-81.54209	-24.26585	24.96739	0	0	False
-77.45149	-24.38808	25.24018	0	0	False
-73.38599	-24.4898	25.5112	0	0	False
-69.00212	-24.57912	25.80369	0	0	False
-64.6625	-24.58541	26.09282	0	0	False
-60.71006	-24.49277	26.35643	0	0	False
-56.64061	-24.39736	26.62789	0	0	False
-52.297	-24.29555	26.91754	0	0	False
-48.2952	-24.20178	27.18439	0	0	False
-44.32561	-24.10878	27.44954	0	0	False
-40.17994	-24.05885	27.72552	0.03968339	0	False
-35.91824	-24.12532	28.00994	0	0	False
-31.9971	-24.18648	28.27108	0	0	False
-28.30568	-24.24406	28.51753	0	0	False
-24.49726	-24.30347	28.77117	0	0	False
-20.52129	-24.3655	29.0364	0	0	False
-15.65007	-24.44148	29.36119	0	0	False
-11.80318	-24.50148	29.61762	0	0	False
-8.294017	-24.55622	29.85162	0	0	False
-4.542174	-24.58155	30.10184	-0.338007	0	False
-1.31806	-24.41505	30.31664	0	0	False
2.174895	-24.24611	30.55007	0.1929714	0	False
5.470235	-24.20509	30.76981	0	0	False
8.775175	-24.16663	30.9911	0	0	False
12.20177	-24.12678	31.21884	0	0	False
15.34349	-24.09028	31.4282	0	0	False
18.70318	-24.05127	31.65219	0	0	False
21.87015	-24.01449	31.86357	0	0	False
25.19117	-24.0052	32.08485	0	0	False
28.67603	-24.00562	32.31667	0	0	False
31.81328	-24.00601	32.52623	0	0	False
35.14734	-24.00642	32.74847	0	0	False
38.41869	-24.00683	32.96811	0	0	False
42.12914	-24.0073	33.21423	0	0	False
45.25556	-24.0077	33.42248	0	0	False
48.51552	-24.00814	33.6398	0	0	False
52.0314	-24.00857	33.88467	0	0	False
54.97485	-24.00895	34.11031	0	0	False
57.99642	-23.87525	34.36234	-0.756771	0	False
60.37173	-23.18907	34.59175	-1	0	False
62.09373	-22.02534	34.81074	-1	0	False
63.23888	-20.57927	35.03216	-1	0	False
63.81823	-19.00968	35.26674	-1	0	False
63.90792	-16.75788	35.50185	-0.3513775	0	False
63.68415	-13.54095	35.72327	0	0	False
63.44432	-10.26892	35.94287	0.2157474	0	False
63.32899	-7.105734	36.16817	0	0	False
63.24936	-4.255138	36.39032	0	0	False
63.1655	-1.252885	36.61192	0	0	False
63.05442	1.992933	36.83523	-0.3876978	0	False
62.54049	5.108582	37.07206	-1	0	False
61.33046	7.540942	37.29687	-1	0	False
59.43858	9.422753	37.54309	-1	0	False
57.21307	10.45735	37.791	-1	0	False
54.36886	10.84226	38.00577	-0.3573462	0	False
50.81554	10.95107	38.24263	0	0	False
47.15833	11.04319	38.48624	-0.1797831	0	False
43.65022	10.94459	38.72057	0	0	False
39.59822	10.7242	38.99096	0.163287	0	False
36.0275	10.6513	39.22958	0	0	False
32.35761	10.57795	39.47357	0	0	False
28.56909	10.5022	39.72618	0	0	False
25.12393	10.51647	39.95925	0	0	False
22.01604	10.58811	40.18709	0	0	False
19.18595	10.57691	40.41443	-0.3098238	0	False
16.82755	10.39427	40.62444	0	0	False
14.43203	10.23309	40.86362	0	0	False
12.23051	10.15857	41.1132	0.006776683	0	False
10.10922	10.14421	41.38896	0	0	False
7.966275	10.12968	41.66081	0	0	False
6.065944	10.11679	41.89161	0	0	False
3.986948	10.10268	42.18478	0	0	False
2.682275	10.09383	42.40686	0	0	False
1.615702	10.08658	42.63587	0	0	False
0.3202028	10.07777	42.86264	0	0	False
-1.021341	10.06866	43.11617	0	0	False
-1.943164	10.0624	43.34631	0	0	False
-2.679567	10.05738	43.60351	0	0	False
-3.076424	10.05469	43.84348	0	0	False
-3.20011	10.05385	44.10937	0	0	False
-3.20011	10.05385	44.3215	0	0	False
-3.227672	10.05366	44.55647	0	0	False
-3.855595	10.04939	44.77369	0	0	False
-4.335102	10.04614	44.99672	0	0	False
-4.54978	10.04469	45.22692	0	0	False
-4.559831	10.04462	45.44111	0	0	False
-4.559831	10.04462	45.65231	0	0	False
-4.559831	10.04462	45.85439	0	0	False
-4.559831	10.04462	46.06523	0	0	False
-4.559831	10.04462	46.28581	0	0	False
-4.559831	10.04462	46.48642	0	0	False
-4.559831	10.04462	46.68969	0	0	False
-4.559831	10.04462	46.89	0	0	False
-4.559831	10.04462	47.10118	0	0	False
-4.559831	10.04462	47.33559	0	0	False
-4.559831	10.04462	47.61877	0	0	False
-4.559831	10.04462	47.85521	0	0	False
-4.559831	10.04462	48.07986	0	0	False
-4.559831	10.04462	48.38375	0	0	False
-4.559831	10.04462	48.87198	0	0	False
-4.559831	10.04462	49.08664	0	0	False
-4.559831	10.04462	49.29302	0	0	False
-4.559831	10.04462	49.51643	0	0	False
-4.559831	10.04462	49.72613	0	0	False
-4.559831	10.04462	49.92792	0	0	False
-4.559831	10.04462	50.12832	0	0	False
-4.559831	10.04462	50.33091	0	0	False
-4.559831	10.04462	50.54807	0	0	False
-4.559831	10.04462	50.74967	0	0	False
-4.559831	10.04462	50.95615	0	0	False
-4.559831	10.04462	51.16546	0	0	False
-4.559831	10.04462	51.49775	0	0	False
-4.559831	10.04462	51.76318	0	0	False
-4.559831	10.04462	51.97639	0	0	False
-4.559831	10.04462	52.18867	0	0	False
-4.559831	10.04462	52.39005	0	0	False
-4.559831	10.04462	52.59757	0	0	False
-4.559831	10.04462	52.84118	0	0	False
-4.559831	10.04462	53.20343	0	0	False
-4.559831	10.04462	53.55362	0	0	False
-4.559831	10.04462	54.01817	0	0	False
-4.559831	10.04462	54.31273	0	0	False
-4.559831	10.04462	54.59755	0	0	False
-4.559831	10.04462	54.84298	0	0	False
-4.559831	10.04462	55.22013	0	0	False
-4.559831	10.04462	55.60908	0	0	False
-4.559831	10.04462	56.0762	0	0	False
-4.559831	10.04462	56.54355	0	0	False
-4.559831	10.04462	56.89527	0	0	False
-4.559831	10.04462	57.27155	0	0	False
-4.559831	10.04462	57.50521	0	0	False
-4.559831	10.04462	57.70602	0	0	False
-4.559831	10.04462	57.90913	0	0	False
-4.559831	10.04462	58.11229	0	0	False
-4.559831	10.04462	58.65345	0	0	False
-4.559831	10.04462	58.85997	0	0	False
-4.559831	10.04462	59.06721	0	0	False
-4.559831	10.04462	59.30111	0	0	False
-4.559831	10.04462	59.56817	0	0	False
-4.559831	10.04462	59.80914	0	0	False
-4.559831	10.04462	60.12104	0	0	False
-4.559831	10.04462	60.34133	0	0	False
-4.559831	10.04462	60.59425	0	0	False
-4.559831	10.04462	60.85022	0	0	False
-4.559831	10.04462	61.05932	0	0	False
-4.559831	10.04462	61.26364	0	0	False
-4.559831	10.04462	61.54011	0	0	False
-4.559831	10.04462	61.77018	0	0	False
-4.559831	10.04462	61.98322	0	0	False
-4.559831	10.04462	62.199	0	0	False
-4.559831	10.04462	62.43549	0	0	False
-4.559831	10.04462	62.6706	0	0	False
-4.559831	10.04462	62.87421	0	0	False
-4.559831	10.04462	63.14273	0	0	False
-4.559831	10.04462	63.35353	0	0	False
-4.559831	10.04462	63.56796	0	0	False
-4.559831	10.04462	63.78155	0	0	False
-4.559831	10.04462	64.01665	0	0	False
-4.559831	10.04462	64.22959	0	0	False
-4.559831	10.04462	64.45048	0	0	False
-4.559831	10.04462	64.65738	0	0	False
-4.559831	10.04462	64.87338	0	0	False
-4.559831	10.04462	65.0878	0	0	False
-4.559831	10.04462	65.2963	0	0	False
-4.559831	10.04462	65.53083	0	0	False
-4.559831	10.04462	65.75407	0	0	False
-4.559831	10.04462	65.99908	0	0	False
-4.559831	10.04462	66.2079	0	0	False
-4.559831	10.04462	66.41547	0	0	False
-4.559831	10.04462	66.62408	0	0	False
-4.559831	10.04462	66.84078	0	0	False
-4.559831	10.04462	67.05549	0	0	False
-4.559831	10.04462	67.28445	0	0	False
-4.559831	10.04462	67.5053	0	0	False
-4.559831	10.04462	67.72022	0	0	False
-4.559831	10.04462	67.93124	0	0	False
-4.559831	10.04462	68.14853	0	0	False
-4.559831	10.04462	68.37254	0	0	False
-4.559831	10.04462	68.57472	0	0	False
-4.559831	10.04462	68.77707	0	0	False
-4.559831	10.04462	68.99322	0	0	False
-4.559831	10.04462	69.21399	0	0	False
-4.559831	10.04462	69.52489	0	0	False
-4.559831	10.04462	69.73254	0	0	False
-4.559831	10.04462	69.94241	0	0	False
-4.559831	10.04462	70.15242	0	0	False
-4.559831	10.04462	70.38985	0	0	False
-4.559831	10.04462	70.59769	0	0	False
-4.559831	10.04462	70.80568	0	0	False
-4.559831	10.04462	71.01965	0	0	False
-4.559831	10.04462	71.24326	0	0	False
-4.559831	10.04462	71.45261	0	0	False
-4.559831	10.04462	71.66446	0	0	False
-4.559831	10.04462	71.86551	0	0	False
-4.559831	10.04462	72.08722	0	0	False
-4.559831	10.04462	72.33917	0	0	False
-4.559831	10.04462	72.59245	0	0	False
-4.559831	10.04462	72.83987	0	0	False
-4.559831	10.04462	73.1181	0	0	False
-4.559831	10.04462	73.39456	0	0	False
-4.559831	10.04462	73.6012	0	0	False
-4.559831	10.04462	73.82568	0	0	False
-4.559831	10.04462	74.03831	0	0	False
-4.559831	10.04462	74.24697	0	0	False
-4.559831	10.04462	74.47229	0	0	False
-4.559831	10.04462	74.69751	0	0	False
-4.559831	10.04462	74.91544	0	0	False
-4.559831	10.04462	75.13175	0	0	False
-4.559831	10.04462	75.38432	0	0	False
-4.559831	10.04462	75.67153	0	0	False
-4.559831	10.04462	75.87415	0	0	False
-4.559831	10.04462	76.08997	0	0	False
-4.559831	10.04462	76.30408	0	0	False
-4.559831	10.04462	76.61772	0	0	False
-4.559831	10.04462	76.83772	0	0	False
-4.559831	10.04462	77.04732	0	0	False
-4.559831	10.04462	77.25307	0	0	False
-4.559831	10.04462	77.47867	0	0	False
-4.559831	10.04462	77.6957	0	0	False
-4.559831	10.04462	77.91098	0	0	False
-4.559831	10.04462	78.13924	0	0	False
-4.559831	10.04462	78.347	0	0	False
-4.559831	10.04462	78.56432	0	0	False
-4.559831	10.04462	78.78667	0	0	False
-4.559831	10.04462	79.00282	0	0	False
-4.559831	10.04462	79.21719	0	0	False
-4.559831	10.04462	79.43757	0	0	False
-4.559831	10.04462	79.67231	0	0	False
-4.559831	10.04462	79.95316	0	0	False
-4.559831	10.04462	80.15333	0	0	False
-4.559831	10.04462	80.36917	0	0	False
-4.559831	10.04462	80.57504	0	0	False
-4.559831	10.04462	80.80196	0	0	False
-4.559831	10.04462	81.02048	0	0	False
-4.559831	10.04462	81.23945	0	0	False
-4.559831	10.04462	81.52419	0	0	False
-4.559831	10.04462	81.73415	0	0	False
-4.559831	10.04462	81.94859	0	0	False
-4.559831	10.04462	82.1507	0	0	False
-4.559831	10.04462	82.36272	0	0	False
-4.559831	10.04462	82.57481	0	0	False
-4.559831	10.04462	82.78704	0	0	False
-4.950655	10.04196	83.0106	0	0	False
-5.73442	10.04241	83.21367	0.4034517	0	False
-6.315572	10.09239	83.4362	0	0	False
-6.8208	10.15287	83.6397	0	0	False
-7.851562	10.27631	83.84678	0	0	False
-8.680831	10.37257	84.06442	-0.3308178	0	False
-9.215674	10.41172	84.268	0	0	False
-9.517923	10.43219	84.47369	-0.1012935	0	False
-9.578268	10.43545	84.68766	0	0	False
-9.578268	10.43545	84.90408	0	0	False
-9.759105	10.44232	85.12188	0	0	False
-9.819112	10.4446	85.3224	0	0	False
-9.947194	10.44946	85.53383	0	0	False
-10.35734	10.46504	85.75095	0	0	False
-10.50373	10.4692	85.97596	-0.1036482	0	False
-10.50373	10.46922	86.19786	0	0	False
-10.70491	10.46625	86.3995	0	0	False
-10.8964	10.46343	86.60079	0.0510345	0	False
-10.90656	10.46331	86.8136	0	0	False
-10.90656	10.46331	87.01462	0	0	False
-10.90656	10.46331	87.22024	0	0	False
-10.90656	10.46331	87.48247	0	0	False
-10.90656	10.46331	87.84395	0	0	False
-10.90656	10.46331	88.15951	0	0	False
-10.90656	10.46331	88.58588	0	0	False
-10.91745	10.46327	88.81085	0	0	False
-11.40948	10.46132	89.02051	0	0	False
-11.77359	10.45988	89.23736	0	0	False
-11.8674	10.45951	89.44695	0	0	False
-11.8674	10.45951	89.65333	0	0	False
-11.8674	10.45951	89.88363	0	0	False
-11.8674	10.45951	90.19971	0	0	False
-11.8674	10.45951	90.42439	0	0	False
-11.8674	10.45951	90.62563	0	0	False
-11.8674	10.45951	90.83913	0	0	False
-11.8674	10.45951	91.14116	0	0	False
-11.8674	10.45951	91.3475	0	0	False
-11.8674	10.45951	91.552	0	0	False
-11.98878	10.45904	91.76801	0	0	False
-12.26902	10.45794	91.99651	0	0	False
-12.30413	10.4578	92.19752	0	0	False
-12.30413	10.4578	92.41405	0	0	False
-12.30413	10.4578	92.62639	0	0	False
-12.30413	10.4578	92.83547	0	0	False
-12.30413	10.4578	93.03714	0	0	False
-12.30413	10.4578	93.25436	0	0	False
-12.30413	10.4578	93.47546	0	0	False
-12.30413	10.4578	93.68216	0	0	False
-12.30413	10.4578	93.89543	0	0	False
-12.30413	10.4578	94.16343	0	0	False
-12.30413	10.4578	94.37496	0	0	False
-12.30413	10.4578	94.58495	0	0	False
-12.30413	10.4578	94.82211	0	0	False
-12.30413	10.4578	95.03401	0	0	False
-12.30413	10.4578	95.24491	0	0	False
-12.30413	10.4578	95.4659	0	0	False
-12.30413	10.4578	95.68011	0	0	False
-12.30413	10.4578	95.92186	0	0	False
-12.30413	10.4578	96.13049	0	0	False
-12.30413	10.4578	96.35144	0	0	False
-12.30413	10.4578	96.5628	0	0	False
-12.30413	10.4578	96.77592	0	0	False
-12.30413	10.4578	96.99762	0	0	False
-12.30413	10.4578	97.21254	0	0	False
-12.30413	10.4578	97.42372	0	0	False
-12.30413	10.4578	97.65279	0	0	False
-12.30413	10.4578	97.86234	0	0	False
-12.30413	10.4578	98.07839	0	0	False
-12.30413	10.4578	98.29502	0	0	False
-12.30413	10.4578	98.50775	0	0	False
-12.30413	10.4578	98.71534	0	0	False
-12.30413	10.4578	98.92569	0	0	False
-12.30413	10.4578	99.14434	0	0	False
-12.30413	10.4578	99.37468	0	0	False
-12.30413	10.4578	99.58467	0	0	False
-12.30413	10.4578	99.81577	0	0	False
-12.30413	10.4578	100.0445	0	0	False
-12.30413	10.4578	100.2612	0	0	False
-12.30413	10.4578	100.4789	0	0	False
-12.30413	10.4578	100.6904	0	0	False
-12.30413	10.4578	100.9086	0	0	False
-12.30413	10.4578	101.1191	0	0	False
-12.30413	10.4578	101.3327	0	0	False
-12.30413	10.4578	101.5523	0	0	False
-12.30413	10.4578	101.767	0	0	False
-12.30413	10.4578	101.9836	0	0	False
-12.30413	10.4578	102.1999	0	0	False
-12.30413	10.4578	102.4238	0	0	False
-12.30413	10.4578	102.6508	0	0	False
-12.30413	10.4578	102.8941	0	0	False
-12.30413	10.4578	103.1443	0	0	False
-12.30413	10.4578	103.4459	0	0	False
-12.30413	10.4578	103.6701	0	0	False
-12.30413	10.4578	103.8894	0	0	False
-12.30413	10.4578	104.0988	0	0	False
-12.30413	10.4578	104.3243	0	0	False
-12.30413	10.4578	104.5305	0	0	False
-12.30413	10.4578	104.7569	0	0	False
-12.30413	10.4578	104.968	0	0	False
-12.30413	10.4578	105.1902	0	0	False
-12.30413	10.4578	105.5618	0	0	False
-12.30413	10.4578	105.7976	0	0	False
-12.30413	10.4578	105.9999	0	0	False
-12.30413	10.4578	106.2222	0	0	False
-12.30413	10.4578	106.432	0	0	False
-12.30413	10.4578	106.6576	0	0	False
-12.30413	10.4578	106.8682	0	0	False
-12.30413	10.4578	107.0862	0	0	False
