19,5	33,74163	2,898937	0	0	False
19,5	33,74163	3,172544	0	0	False
19,5	33,74163	3,433719	0	0	False
19,5	33,74163	3,701804	0	0	False
19,5	33,74163	3,96958	0	0	False
19,5	33,74163	4,237771	0	0	False
19,5	33,74163	4,507967	0	0	False
19,5	33,74163	4,774105	0	0	False
19,5	33,74163	5,042049	0	0	False
19,5	33,74163	5,310912	0	0	False
19,5	33,74163	5,578849	0	0	False
19,5	33,74163	5,846476	0	0	False
19,5	33,74163	6,115447	0	0	False
19,5	33,74163	6,38393	0	0	False
19,5	33,74163	6,65135	0	0	False
19,5	33,74163	6,919283	0	0	False
19,5	33,74163	7,187294	0	0	False
19,5	33,74163	7,454709	0	0	False
19,5	33,74163	7,722894	0	0	False
19,5	33,74163	7,991177	0	0	False
19,5	33,74163	8,258927	0	0	False
19,5	33,74163	8,527064	0	0	False
19,5	33,74163	8,795151	0	0	False
19,5	33,74163	9,064145	0	0	False
19,5	33,74163	9,332376	0	0	False
19,5	33,74163	9,602378	0	0	False
19,5	33,74163	9,867648	0	0	False
19,5	33,74163	10,13623	0	0	False
19,5	33,74163	10,40363	0	0	False
19,5	33,74163	10,67184	0	0	False
19,5	33,74163	10,93952	0	0	False
19,5	33,74163	11,208	0	0	False
19,5	33,74163	11,47653	0	0	False
19,5	33,74163	11,74431	0	0	False
19,5	33,74163	12,01218	0	0	False
19,5	33,74163	12,28052	0	0	False
19,5	33,74163	12,54824	0	0	False
19,5	33,74163	12,81693	0	0	False
19,5	33,74163	13,08467	0	0	False
19,5	33,74163	13,35308	0	0	False
19,5	33,74163	13,62096	0	0	False
19,5	33,74163	13,88923	0	0	False
19,5	33,74163	14,15678	0	0	False
19,5	33,74163	14,42514	0	0	False
19,5	33,74163	14,6929	0	0	False
19,5	33,74163	14,9612	0	0	False
19,5	33,74163	15,22929	0	0	False
19,5	33,74163	15,49687	0	0	False
19,5	33,74163	15,7653	0	0	False
19,5	33,74163	16,03333	0	0	False
19,5	33,74163	16,30122	0	0	False
19,5	33,74163	16,57058	0	0	False
19,5	33,74163	16,83738	0	0	False
19,5	33,74163	17,10576	0	0	False
19,5	33,74163	17,37365	0	0	False
19,5	33,74163	17,64209	0	0	False
19,5	33,74163	17,90986	0	0	False
19,5	33,74163	18,17879	0	0	False
19,5	33,74163	18,44633	0	0	False
19,5	33,74163	18,71434	0	0	False
19,5	33,74163	18,98228	0	0	False
19,5	33,74163	19,2502	0	0	False
19,5	33,74163	19,51797	0	0	False
19,5	33,74163	19,78617	0	0	False
19,5	33,74163	20,05466	0	0	False
19,5	33,74163	20,32283	0	0	False
19,5	33,74163	20,59129	0	0	False
19,5	33,74163	20,85892	0	0	False
19,5	33,74163	21,12732	0	0	False
19,5	33,74163	21,39506	0	0	False
19,5	33,74163	21,66326	0	0	False
19,5	33,74163	21,93185	0	0	False
19,5	33,74163	22,1994	0	0	False
19,5	33,74163	22,46708	0	0	False
19,5	33,74163	22,73637	0	0	False
19,5	33,74163	23,00426	0	0	False
19,5	33,74163	23,27154	0	0	False
19,5	33,74163	23,54079	0	0	False
19,5	33,74163	23,81334	0	0	False
19,5	33,74163	24,07725	0	0	False
19,5	33,74163	24,34859	0	0	False
19,5	33,74163	24,61316	0	0	False
19,5	33,74163	24,88111	0	0	False
19,5	33,74163	25,14792	0	0	False
19,5	33,74163	25,41618	0	0	False
19,5	33,74163	25,68452	0	0	False
19,5	33,74163	25,95229	0	0	False
19,5	33,74163	26,22031	0	0	False
19,5	33,74163	26,48879	0	0	False
19,5	33,74163	26,75694	0	0	False
19,5	33,74163	27,02526	0	0	False
19,5	33,74163	27,29316	0	0	False
19,5	33,74163	27,5613	0	0	False
19,5	33,74163	27,82905	0	0	False
19,5	33,74163	28,09745	0	0	False
19,5	33,74163	28,36589	0	0	False
19,5	33,74163	28,63377	0	0	False
19,5	33,74163	28,90108	0	0	False
19,5	33,74163	29,16931	0	0	False
19,5	33,74163	29,43762	0	0	False
19,5	33,74163	29,70563	0	0	False
19,5	33,74163	29,97416	0	0	False
19,5	33,74163	30,24211	0	0	False
19,5	33,74163	30,51018	0	0	False
19,5	33,74163	30,77777	0	0	False
19,5	33,74163	31,04629	0	0	False
19,5	33,74163	31,31499	0	0	False
19,5	33,74163	31,58252	0	0	False
19,5	33,74163	31,85103	0	0	False
19,5	33,74163	32,11812	0	0	False
19,5	33,74163	32,38643	0	0	False
19,5	33,74163	32,65415	0	0	False
19,5	33,74163	32,92208	0	0	False
19,5	33,74163	33,19076	0	0	False
19,5	33,74163	33,45862	0	0	False
19,5	33,74163	33,72706	0	0	False
19,5	33,74163	33,99483	0	0	False
19,5	33,74163	34,26324	0	0	False
19,5	33,74163	34,53157	0	0	False
19,5	33,74163	34,79959	0	0	False
19,5	33,74163	35,06695	0	0	False
19,5	33,74163	35,33545	0	0	False
19,5	33,74163	35,60499	0	0	False
19,5	33,74163	35,87214	0	0	False
19,5	33,74163	36,1398	0	0	False
19,5	33,74163	36,40811	0	0	False
19,5	33,74163	36,67761	0	0	False
19,5	33,74163	36,94364	0	0	False
19,5	33,74163	37,21233	0	0	False
19,5	33,74163	37,47955	0	0	False
19,5	33,74163	37,74776	0	0	False
19,5	33,74163	38,01596	0	0	False
19,5	33,74163	38,28414	0	0	False
19,5	33,74163	38,55208	0	0	False
19,5	33,74163	38,82068	0	0	False
19,5	33,74163	39,08883	0	0	False
19,5	33,74163	39,35612	0	0	False
19,5	33,74163	39,6251	0	0	False
19,5	33,74163	39,89328	0	0	False
19,5	33,74163	40,16275	0	0	False
19,5	33,74163	40,44028	0	0	False
19,5	33,74163	40,70794	0	0	False
19,5	33,74163	40,97658	0	0	False
19,5	33,74163	41,24426	0	0	False
19,5	33,74163	41,51294	0	0	False
19,5	33,74163	41,79259	0	0	False
19,5	33,74163	42,0598	0	0	False
19,5	33,74163	42,32798	0	0	False
19,5	33,74163	42,59622	0	0	False
19,5	33,74163	42,87489	0	0	False
19,5	33,74163	43,14309	0	0	False
19,5	33,74163	43,41167	0	0	False
19,5	33,74163	43,68049	0	0	False
19,5	33,74163	43,9595	0	0	False
19,5	33,74163	44,2267	0	0	False
19,5	33,74163	44,49456	0	0	False
19,5	33,74163	44,76348	0	0	False
19,5	33,74163	45,04293	0	0	False
19,5	33,74163	45,31156	0	0	False
19,5	33,74163	45,58023	0	0	False
19,5	33,74163	45,84828	0	0	False
19,5	33,74163	46,11456	0	0	False
19,5	33,74163	46,38272	0	0	False
19,5	33,74163	46,65013	0	0	False
19,5	33,74163	46,91829	0	0	False
19,5	33,74163	47,18663	0	0	False
19,5	33,74163	47,45473	0	0	False
19,5	33,74163	47,72551	0	0	False
19,5	33,74163	47,99187	0	0	False
19,5	33,74163	48,25906	0	0	False
19,5	33,74163	48,52718	0	0	False
19,5	33,74163	48,79498	0	0	False
19,5	33,74163	49,06361	0	0	False
19,5	33,74163	49,33179	0	0	False
19,5	33,74163	49,59965	0	0	False
19,5	33,74163	49,86723	0	0	False
19,5	33,74163	50,1354	0	0	False
19,5	33,74163	50,40335	0	0	False
19,5	33,74163	50,67216	0	0	False
19,5	33,74163	50,93985	0	0	False
19,5	33,74163	51,2086	0	0	False
19,5	33,74163	51,47592	0	0	False
19,5	33,74163	51,74445	0	0	False
19,5	33,74163	52,01255	0	0	False
19,5	33,74163	52,28061	0	0	False
19,5	33,74163	52,54907	0	0	False
19,5	33,74163	52,81649	0	0	False
19,5	33,74163	53,08482	0	0	False
19,5	33,74163	53,35247	0	0	False
19,5	33,74163	53,6212	0	0	False
19,5	33,74163	53,88875	0	0	False
19,5	33,74163	54,15762	0	0	False
19,5	33,74163	54,42548	0	0	False
19,5	33,74163	54,69413	0	0	False
19,5	33,74163	54,96154	0	0	False
19,5	33,74163	55,22936	0	0	False
19,5	33,74163	55,4977	0	0	False
19,5	33,74163	55,76544	0	0	False
19,5	33,74163	56,0339	0	0	False
19,5	33,74163	56,30222	0	0	False
19,5	33,74163	56,56905	0	0	False
19,5	33,74163	56,83782	0	0	False
19,5	33,74163	57,10629	0	0	False
19,5	33,74163	57,37378	0	0	False
19,5	33,74163	57,64326	0	0	False
19,5	33,74163	57,90975	0	0	False
19,5	33,74163	58,17848	0	0	False
19,5	33,74163	58,44697	0	0	False
19,5	33,74163	58,71837	0	0	False
19,5	33,74163	58,98425	0	0	False
19,5	33,74163	59,25001	0	0	False
19,5	33,74163	59,51847	0	0	False
19,5	33,74163	59,78618	0	0	False
19,5	33,74163	60,05512	0	0	False
19,5	33,74163	60,32329	0	0	False
19,5	33,74163	60,59126	0	0	False
19,5	33,74163	60,85895	0	0	False
19,5	33,74163	61,12796	0	0	False
19,5	33,74163	61,39494	0	0	False
19,5	33,74163	61,66308	0	0	False
19,5	33,74163	61,93211	0	0	False
19,5	33,74163	62,19963	0	0	False
19,5	33,74163	62,4678	0	0	False
19,5	33,74163	62,73572	0	0	False
19,5	33,74163	63,00336	0	0	False
19,5	33,74163	63,27146	0	0	False
19,5	33,74163	63,53994	0	0	False
19,5	33,74163	63,80784	0	0	False
19,5	33,74163	64,0761	0	0	False
19,5	33,74163	64,3446	0	0	False
19,5	33,74163	64,61294	0	0	False
19,5	33,74163	64,88181	0	0	False
19,5	33,74163	65,14887	0	0	False
19,5	33,74163	65,41622	0	0	False
19,5	33,74163	65,6841	0	0	False
19,5	33,74163	65,95253	0	0	False
19,5	33,74163	66,22032	0	0	False
19,5	33,74163	66,48893	0	0	False
19,5	33,74163	66,7569	0	0	False
19,5	33,74163	67,02486	0	0	False
19,5	33,74163	67,29323	0	0	False
19,5	33,74163	67,56088	0	0	False
19,5	33,74163	67,82919	0	0	False
19,5	33,74163	68,0982	0	0	False
19,5	33,74163	68,36491	0	0	False
19,5	33,74163	68,63495	0	0	False
19,5	33,74163	68,90182	0	0	False
19,5	33,74163	69,16896	0	0	False
19,5	33,74163	69,43683	0	0	False
19,5	33,74163	69,69366	0	0	False
19,5	33,74163	69,87227	0	0	False
19,5	33,74163	70,04247	0	0	False
19,5	33,74163	70,21862	0	0	False
19,5	33,74163	70,45454	0	0	False
19,5	33,74163	70,72186	0	0	False
19,5	33,74163	70,9894	0	0	False
19,5	33,74163	71,25783	0	0	False
19,5	33,74163	71,52589	0	0	False
19,5	33,74163	71,7946	0	0	False
19,5	33,74163	72,06212	0	0	False
19,5	33,74163	72,33189	0	0	False
19,5	33,74163	72,59914	0	0	False
19,5	33,74163	72,78915	0	0	False
19,5	33,74163	73,0008	0	0	False
19,5	33,74163	73,26918	0	0	False
19,5	33,74163	73,53694	0	0	False
19,5	33,74163	73,80535	0	0	False
19,5	33,74163	74,07343	0	0	False
19,5	33,74163	74,34127	0	0	False
19,5	33,74163	74,60946	0	0	False
19,5	33,74163	74,87793	0	0	False
19,5	33,74163	75,14612	0	0	False
19,5	33,74163	75,41415	0	0	False
19,5	33,74163	75,68144	0	0	False
19,5	33,74163	75,94899	0	0	False
19,5	33,74163	76,21828	0	0	False
19,5	33,74163	76,48569	0	0	False
19,5	33,74163	76,7533	0	0	False
19,5	33,74163	77,02765	0	0	False
19,5	33,74163	77,29105	0	0	False
19,5	33,74163	77,55859	0	0	False
19,5	33,74163	77,82677	0	0	False
19,5	33,74163	78,09448	0	0	False
19,5	33,74163	78,36258	0	0	False
19,5	33,74163	78,63118	0	0	False
19,5	33,74162	78,90014	0,157589	0	False
19,5	33,74161	79,16762	0,49649	0	False
19,5	33,7416	79,43623	0	0	False
19,5	33,7416	79,7101	-0,3125151	0	False
19,5	33,74159	79,97182	-0,4674413	0	False
19,5	33,74159	80,23949	-0,1479061	0	False
19,50001	33,74159	80,50875	0	0	False
19,50001	33,74159	80,77583	0	0	False
19,50001	33,74159	81,04294	0	0	False
19,50001	33,74159	81,31294	0	0	False
19,50001	33,74159	81,57971	0	0	False
19,50002	33,74158	81,84788	0,2253692	0	False
19,50002	33,7416	82,11562	0	0	False
19,50002	33,7416	82,38836	0	0	False
19,50002	33,7416	82,65202	0	0	False
19,50002	33,7416	82,91995	0	0	False
19,50002	33,7416	83,18769	0	0	False
19,50002	33,7416	83,45696	0	0	False
19,5308	34,33995	83,72511	0	-0,1963205	False
19,56991	35,0961	83,99452	0	0	False
19,60288	35,73118	84,26292	0	0	False
19,62902	36,23204	84,52827	0	0	False
19,64877	36,61163	84,7963	0	0	False
19,66009	36,82964	85,02629	0	0	False
19,66507	36,91739	85,22123	0,2641007	0	False
19,6806	36,99436	85,47746	0,4577585	-0,09949167	False
19,96355	37,85744	85,74574	0,4287098	-0,235052	False
20,41669	38,73192	86,00278	0,49649	-0,322198	False
21,34801	39,91413	86,27099	1	-0,3802953	False
22,72442	40,77498	86,55053	1	-0,3802953	False
24,23598	41,14716	86,81851	0,2544178	0	False
25,72984	41,35854	87,09292	0,235052	0	False
27,03872	41,43216	87,3543	0,2544178	0	False
28,26054	41,38828	87,62337	0,002662801	0	False
29,59898	41,3193	87,89151	0	-0,09949167	False
31,16282	41,23868	88,15878	0	-0,1285403	False
32,88842	41,14971	88,42677	0	-0,2253692	False
35,19949	41,03055	88,67278	0	-0,409344	False
37,74968	40,89904	88,92041	0	-0,409344	False
40,24428	40,77039	89,1633	0	-0,3609295	False
42,78374	40,6394	89,41049	0	-0,235052	False
44,9584	40,52724	89,62225	0	-0,04139434	False
47,20067	40,41159	89,84676	0	0,4480756	False
49,05173	40,3161	90,06533	0	1	False
50,28035	40,25275	90,26969	0	1	False
51,06844	40,21244	90,48219	-0,04139434	1	False
51,44424	40,19627	90,69177	-0,05107722	0	False
51,68754	40,18993	90,89607	-0,08980878	0	False
51,8396	40,18897	91,10746	0	0	False
51,89204	40,18881	91,32617	0	0	False
51,89204	40,18881	91,52193	0	0	False
52,4094	40,18722	91,73269	0	-0,4868071	False
54,11319	40,18199	91,9423	0	-0,5061729	False
55,79571	40,17682	92,14604	0	0	False
57,39589	40,17156	92,34757	0,04139434	0	False
58,97971	40,12473	92,55988	0,4577585	0	False
60,44177	39,89241	92,77216	1	0	False
61,87491	39,20892	93,01818	1	0	False
62,99109	38,05367	93,28669	1	0	False
63,55012	36,72187	93,54939	1	0	False
63,60279	35,39998	93,81185	0,4190269	0	False
63,43928	34,18484	94,07939	0	0	False
63,28264	33,09263	94,34835	0,01234569	0	False
63,12274	32,13572	94,61635	0,1769547	0	False
62,93772	31,31734	94,88327	0,01234569	0	False
62,64272	30,09035	95,15142	0	-0,2834665	False
62,17445	28,14283	95,4385	0	0	False
61,71622	26,23709	95,73362	-0,002662801	0	False
61,34206	24,62917	96,00198	-0,3028322	0	False
61,13741	23,13618	96,26761	-0,1866376	0	False
61,03714	21,7146	96,54217	0	0	False
60,95921	20,48311	96,80437	-0,157589	0	False
60,93632	19,34713	97,07246	0	0	False
60,92492	18,29573	97,35181	0	0,1285403	False
60,91755	17,61763	97,62041	0	1	False
60,91657	17,52835	97,86535	0	0	False
60,91657	17,52835	98,13917	0	0	False
60,91064	16,98158	98,40137	0	-0,4190269	False
60,8829	14,41885	98,67004	0	-0,7095134	False
60,85197	11,56034	98,91505	0	-0,6707819	False
60,81559	8,198645	99,19511	0	0	False
60,78204	5,097179	99,46222	0	0	False
60,75095	2,225308	99,72015	0	0	False
60,72522	-0,1512947	99,94344	0	0	False
60,69825	-2,640476	100,1884	0	0	False
60,67002	-5,243548	100,4573	0	0	False
60,64565	-7,493275	100,7015	0	0	False
60,62653	-9,258876	100,9044	0	0	False
60,60568	-11,18586	101,1383	0	0	False
60,58314	-13,2652	101,4063	0	0	False
60,56454	-14,98158	101,6412	0	0	False
60,55006	-16,31646	101,837	0	0	False
60,53536	-17,67029	102,0523	0	0	False
60,51745	-19,32469	102,3228	0	-0,09949167	False
60,48403	-22,41361	102,5568	0	-0,7772936	False
60,45463	-25,13117	102,7377	0	-0,9225369	False
60,41898	-28,42696	102,9592	0	0	False
60,37706	-32,30053	103,2262	0	0	False
60,34419	-35,33493	103,4418	0	0	False
60,31991	-37,57563	103,6074	0	0	False
60,29442	-39,92794	103,7874	0	0	False
60,27023	-42,16116	103,9647	0	0	False
60,24788	-44,226	104,1351	0	0	False
60,22855	-46,0113	104,2886	0	0	False
60,20954	-47,76699	104,4456	0	0	False
60,19134	-49,44682	104,6027	0	0	False
60,17417	-51,03267	104,7581	0	0	False
60,15785	-52,5401	104,9136	0	0	False
60,14334	-53,88134	105,0585	0	0	False
60,12969	-55,14431	105,2029	0	0	False
60,11674	-56,34135	105,3478	0	0	False
60,10453	-57,47	105,4929	0	0	False
60,09301	-58,53552	105,6385	0	0	False
60,08248	-59,51001	105,7814	0	0	False
60,0727	-60,41358	105,924	0	0	False
60,06347	-61,26756	106,0697	0	0	False
60,0554	-62,01373	106,208	0	0	False
60,04768	-62,72764	106,353	0	0	False
60,04073	-63,37157	106,4976	0	0	False
60,03406	-63,98822	106,6541	0	0	False
60,02856	-64,49635	106,7999	0	0	False
60,02384	-64,932	106,9456	0	0	False
60,01991	-65,29628	107,0907	0	0	False
60,01673	-65,59006	107,2353	0	0	False
60,01431	-65,81433	107,3802	0	0	False
60,01262	-65,96941	107,5264	0	0	False
60,01168	-66,05357	107,6715	0	0	False
60,01148	-66,07072	107,8152	0	0	False
60,01148	-66,07072	107,9764	0	0	False
60,01148	-66,07072	108,1524	0	0	False
60,01148	-66,07072	108,309	0	0	False
60,01148	-66,07072	108,4425	0	0	False
60,01148	-66,07072	108,5771	0	0	False
60,01148	-66,07072	108,7222	0	0	False
60,01148	-66,07072	108,8548	0	0	False
60,01091	-66,12212	108,9894	0	-0,04139434	False
60,00992	-66,21226	109,1344	0	-0,04139434	False
60,00848	-66,34551	109,2806	0	-0,06076011	False
60,00685	-66,49642	109,4469	0	-0,002662801	False
60,00574	-66,59686	109,5944	0	0	False
60,00412	-66,74552	109,7474	0	-0,06076011	False
60,00207	-66,93443	109,8934	-0,04139434	-0,06076011	False
60,0017	-67,12274	110,0386	-0,1672719	-0,06076011	False
60,00779	-67,31044	110,1841	-0,2447349	-0,06076011	False
60,02283	-67,49715	110,3288	-0,1866376	-0,06076011	False
60,04802	-67,70416	110,4702	-0,1382232	-0,1091745	False
60,10278	-68,06774	110,6174	-0,1188574	-0,1672719	False
60,18642	-68,54646	110,7551	-0,08980878	-0,235052	False
60,30958	-69,18237	110,8992	-0,09949167	-0,2931494	False
60,46878	-69,91776	111,0443	-0,1963205	-0,3609295	False
60,68446	-70,75932	111,19	-0,3028322	-0,3802953	False
60,96656	-71,6282	111,3364	-0,4868071	-0,3802953	False
61,3392	-72,48479	111,4798	-0,5933188	-0,409344	False
61,83581	-73,33369	111,6277	-0,6030017	-0,3899783	False
62,46407	-74,15077	111,7822	-0,5255386	-0,3899783	False
63,17877	-74,88673	111,9293	-0,5255386	-0,4383927	False
64,17446	-75,70688	112,0841	-0,5449044	-0,5545873	False
65,42184	-76,51513	112,2289	-0,5642702	-0,661099	False
66,93175	-77,25932	112,386	-0,5642702	-0,661099	False
68,5182	-77,81111	112,5423	-0,5255386	-0,5836359	False
70,2654	-78,20457	112,7104	-0,3028322	-0,1866376	False
71,90706	-78,45612	112,8665	-0,1769547	-0,08980878	False
73,65144	-78,6489	113,0236	-0,1963205	-0,157589	False
75,60832	-78,78119	113,1783	-0,1866376	-0,2253692	False
77,47969	-78,83867	113,3246	-0,002662801	-0,2156863	False
79,31448	-78,87921	113,4678	0	-0,2156863	False
81,26155	-78,9222	113,6195	0	-0,2156863	False
83,15475	-78,964	113,7672	0	-0,2253692	False
85,29723	-79,01132	113,9321	0	-0,2253692	False
87,41346	-79,05805	114,094	0	-0,235052	False
89,45178	-79,10307	114,2496	0	-0,235052	False
91,51742	-79,14871	114,4071	0	-0,235052	False
93,38242	-79,18989	114,5475	0	-0,2544178	False
95,50823	-79,23685	114,7048	0	-0,2641007	False
97,61672	-79,28345	114,8605	0	-0,2641007	False
99,62802	-79,3279	115,009	-0,002662801	-0,2641007	False
101,5034	-79,36877	115,1471	-0,002662801	-0,2931494	False
103,6775	-79,41134	115,301	-0,05107722	-0,322198	False
105,8061	-79,43364	115,4461	-0,05107722	-0,3512467	False
107,9812	-79,43193	115,5921	-0,06076011	-0,3609295	False
110,3294	-79,40007	115,7486	-0,070443	-0,3899783	False
112,5063	-79,33647	115,8937	-0,1285403	-0,4190269	False
114,6844	-79,2175	116,0389	-0,1866376	-0,4383927	False
116,8452	-79,00948	116,1839	-0,3318809	-0,4480756	False
118,9745	-78,66227	116,3277	-0,4868071	-0,4480756	False
121,0963	-78,09737	116,4743	-1	-0,2931494	False
123,8754	-76,65116	116,6863	-1	0	False
126,535	-73,83418	116,9573	-1	0	False
127,996	-70,08437	117,2328	-0,6514161	-0,3512467	False
128,4443	-66,1847	117,4948	0	-0,2253692	False
128,7752	-62,18069	117,7627	-0,002662801	-0,4383927	False
129,0823	-58,16336	118,0314	-0,002662801	-0,5449044	False
129,3699	-54,18184	118,2975	-0,05107722	-0,6320504	False
129,5913	-50,16412	118,5658	-0,08980878	-0,6320504	False
129,6682	-46,13303	118,8346	-0,1091745	-0,6126846	False
129,6146	-41,95726	119,1133	-0,002662801	-0,5449044	False
129,5479	-37,73684	119,3949	0	-0,5449044	False
129,4847	-33,74393	119,6612	0	-0,5836359	False
129,4213	-29,74025	119,9281	0	-0,6417332	False
129,3557	-25,59439	120,2047	0	-0,6804648	False
129,2941	-21,70138	120,4644	0	-0,661099	False
129,2306	-17,68932	120,7321	0	-0,4383927	False
129,1668	-13,65705	121,0017	0	-0,235052	False
129,1035	-9,656571	121,2689	0	-0,3125151	False
129,0401	-5,648511	121,5361	0	-0,6320504	False
128,9764	-1,625526	121,8044	0	-1	False
128,8352	2,489789	122,0792	-0,5739531	-0,8257081	False
127,8318	6,272411	122,3422	-1	-0,6320504	False
125,2393	9,738661	122,6339	-1	-0,5836359	False
121,8419	11,76047	122,9	-1	-0,5836359	False
117,8326	12,58031	123,1752	-0,2060034	-0,03171146	False
114,0282	12,92716	123,4361	-0,08980878	-0,09949167	False
110,0176	13,01965	123,7039	-0,2447349	-0,3318809	False
105,9156	12,85729	123,9776	-0,1382232	-0,2544178	False
102,0017	12,4942	124,24	-0,04139434	-0,1963205	False
98,00986	12,03995	124,5082	0	-0,1866376	False
94,03001	11,58662	124,7756	0	-0,1866376	False
89,92673	11,1214	125,0516	0,04139434	-0,1285403	False
86,03076	10,73259	125,3133	0,1672719	0	False
82,14376	10,55098	125,5796	0,1866376	0	False
78,34138	10,58419	125,8488	0	0	False
74,67627	10,63317	126,1172	0,070443	0	False
71,14954	10,85929	126,3859	1	0	False
67,97263	11,9832	126,6527	1	0	False
65,42905	14,11735	126,9264	1	0	False
64,01321	16,81783	127,1877	1	0	False
63,46304	19,78473	127,4561	0,0801259	0	False
63,15422	22,65543	127,7241	0,2641007	0	False
63,12296	25,41046	127,992	0,322198	0	False
63,35791	28,0818	128,2602	0	-0,070443	False
63,70168	31,72541	128,5286	0	-0,3899783	False
64,08647	35,80382	128,8019	0	-0,5836359	False
64,45505	39,7102	129,0634	0	-0,5739531	False
64,81845	43,71128	129,3312	-0,1769547	-0,5836359	False
64,93388	47,73166	129,5998	-0,0801259	-0,3512467	False
64,88971	51,76203	129,8687	0	-0,4383927	False
64,84758	55,59715	130,1246	0	-0,8547567	False
64,80331	59,62836	130,3932	0	-0,8644396	False
64,75908	63,65491	130,6617	0	-0,7676108	False
64,71526	67,65018	130,9289	0	-0,5158557	False
64,67133	71,65002	131,1964	0	-0,5352215	False
64,62607	75,76909	131,4716	0	-0,7579279	False
64,58298	79,68962	131,7325	0	-0,8838054	False
64,53886	83,7064	132,0004	0	-0,7772936	False
64,49456	87,73675	132,2693	0	-0,7579279	False
64,45042	91,75331	132,5373	0	-1	False
64,41001	95,43104	132,7825	0	-1	False
64,36568	99,46379	133,0514	0	-1	False
64,32504	103,1614	133,2977	0	-1	False
64,29072	106,2837	133,5061	0	-1	False
64,25355	109,6653	133,732	0	-0,6030017	False
64,21844	112,8597	133,9451	0	-0,8257081	False
64,18059	116,3026	134,1746	-0,002662801	-1	False
64,0724	119,2176	134,3697	-0,5061729	-0,5739531	False
63,44558	122,3176	134,5821	-1	-0,3802953	False
61,77756	125,3543	134,8159	-1	-0,2931494	False
59,07481	127,7938	135,0615	-1	-0,2931494	False
55,68131	129,2601	135,3087	-0,409344	-0,2834665	False
52,60447	130,044	135,5206	-0,1382232	-0,04139434	False
49,65595	130,6259	135,7216	-0,3125151	-0,04139434	False
46,5268	130,9741	135,9326	-0,322198	0	False
43,41867	131,0537	136,1452	-0,1091745	0	False
40,58125	131,0235	136,3459	0	0	False
37,7497	130,9836	136,5532	0	0	False
35,18438	130,9474	136,748	0	0	False
32,66373	130,9118	136,9388	0	-0,2253692	False
29,81674	130,8717	137,129	0	-0,7676108	False
27,28917	130,836	137,2971	0	-1	False
24,61846	130,7983	137,4754	0	-1	False
22,02139	130,7615	137,649	0	-0,6998306	False
19,454	130,7253	137,8207	0	-0,4190269	False
16,93272	130,6896	137,9902	0	-0,409344	False
14,27835	130,652	138,1678	0	-0,7579279	False
11,74243	130,6162	138,3365	0	-0,9225369	False
9,23683	130,5807	138,5039	0	-1	False
6,722956	130,5451	138,6715	0	-1	False
4,09549	130,5079	138,8467	0	-1	False
1,52827	130,4715	139,0177	0	-1	False
-0,9824122	130,4358	139,1852	0	-1	False
-3,461122	130,4006	139,3505	0	-1	False
-5,827359	130,3671	139,5083	0	-1	False
-8,286908	130,3321	139,6751	0	0	False
-10,68884	130,298	139,8436	0	0	False
-13,28703	130,2511	140,032	-0,3125151	0	False
-15,6515	130,0528	140,2106	-0,5158557	0	False
-17,90633	129,5634	140,3907	-0,5836359	0	False
-20,58213	128,4877	140,6253	-0,6804648	0	False
-23,09335	126,5593	140,8934	-1	0	False
-24,69459	123,8654	141,1709	-1	0	False
-25,35342	121,0961	141,4323	-0,2060034	0	False
-25,72805	118,2544	141,7002	-0,1769547	-0,157589	False
-25,99999	114,2592	141,9696	-0,1285403	-0,4577585	False
-26,07742	110,2667	142,2359	-0,1188574	-0,4480756	False
-25,99794	106,2515	142,5041	-0,002662801	-0,3609295	False
-25,86572	102,2432	142,7714	0	-0,3609295	False
-25,72997	98,1283	143,0462	0	-0,3609295	False
-25,59999	94,1884	143,3087	0	-0,3802953	False
-25,46791	90,18534	143,5757	0	-0,5158557	False
-25,33431	86,13599	143,8458	0	-0,5158557	False
-25,14997	80,5488	144,2189	0	-0,5061729	False
-24,95411	74,61266	144,6154	0	-0,2931494	False
-24,78772	69,57043	144,9529	0	0	False
-24,66127	65,73825	145,2158	0	0	False
-24,53651	61,9574	145,4841	0	0	False
-24,41313	58,21882	145,7586	0,002662801	0	False
-24,3138	54,79514	146,0191	0,04139434	0	False
-24,25915	51,37442	146,2892	0	0	False
-24,21638	48,11186	146,5569	0	0	False
-24,17021	44,59181	146,8357	0	-0,1963205	False
-24,11751	40,57424	147,1037	0,01234569	-0,5158557	False
-24,08318	36,56147	147,3711	0,05107722	-0,661099	False
-24,14896	32,44823	147,6456	0,09949167	-0,6126846	False
-24,34679	28,35292	147,9189	0	-0,6126846	False
-24,55374	24,34907	148,1864	0	-0,661099	False
-24,76197	20,32029	148,4552	0	-0,8838054	False
-24,97756	16,14934	148,7337	0	-0,8644396	False
-25,18521	12,13153	149,002	0	-0,8838054	False
-25,38393	8,28581	149,2584	0	-0,9225369	False
-25,5561	4,930654	149,4828	-0,03171146	-1	False
-25,70671	1,510391	149,7112	-0,0801259	-1	False
-25,76928	-2,416336	149,9729	-0,08980878	-0,835391	False
-25,73227	-6,316127	150,2337	0	-0,7385621	False
-25,70293	-9,277431	150,4313	0	-0,8547567	False
-25,66898	-12,70383	150,6597	0	-1	False
-25,62984	-16,65294	150,9232	0	-1	False
-25,59347	-20,32346	151,168	0	-0,6030017	False
-25,56703	-22,99007	151,3472	0	0	False
-25,54292	-25,42101	151,5149	0	0	False
-25,51807	-27,92803	151,6936	0	0	False
-25,49557	-30,19745	151,8608	0	0	False
-25,47384	-32,39123	152,0289	0	0	False
-25,45408	-34,38538	152,1873	0	0	False
-25,43411	-36,40039	152,3536	0	0	False
-25,41688	-38,21929	152,5098	0	0	False
-25,40019	-40,20089	152,6872	0	0	False
-25,38603	-41,88062	152,8446	0	0	False
-25,37264	-43,4689	153,0002	0	0	False
-25,36066	-44,89016	153,1466	0,05107722	0	False
-25,3618	-46,23046	153,2915	0,157589	0	False
-25,39825	-47,61312	153,4493	0	0	False
-25,43895	-48,9001	153,6046	0	0	False
-25,47447	-50,02301	153,7489	0	0	False
-25,50792	-51,08071	153,8935	0	0	False
-25,53964	-52,08332	154,0401	0	0	False
-25,5675	-52,99796	154,1846	-0,0801259	0	False
-25,58464	-54,18939	154,3287	-0,03171146	-0,3512467	False
-25,59692	-55,84116	154,4742	0	-0,3125151	False
-25,60923	-57,50767	154,6208	0	-0,2544178	False
-25,62218	-59,26038	154,7758	0	-0,01234569	False
-25,63503	-60,99867	154,9322	0	0	False
-25,64607	-62,49371	155,0728	0	0	False
-25,65703	-63,97818	155,2189	0	0,3802953	False
-25,66622	-65,22154	155,358	0	1	False
-25,67366	-66,22726	155,5122	0	1	False
-25,67823	-66,84538	155,6585	0	1	False
-25,68016	-67,10476	155,8039	0	1	False
-25,68023	-67,11299	155,9477	0	0	False
-25,68024	-67,11299	156,0929	0	0	False
-25,68026	-67,11299	156,2382	0	0	False
-25,68026	-67,11299	156,3823	0	0	False
-25,68026	-67,11299	156,5158	0	0	False
-25,68026	-67,11299	156,6533	0	0	False
-25,68026	-67,11299	156,7963	0	0	False
-25,68026	-67,11299	156,9319	0	0	False
-25,68026	-67,11299	157,0658	0	0	False
-25,68026	-67,11299	157,1976	0	0	False
-25,68026	-67,11299	157,3329	0	0	False
-25,68026	-67,11299	157,4897	0	0	False
-25,68026	-67,11299	157,6258	0	0	False
-25,68026	-67,11299	157,7687	0	0	False
-25,68026	-67,11299	157,9046	0	0	False
-25,68026	-67,11299	158,0738	0	0	False
-25,68026	-67,11299	158,228	0	0	False
-25,68026	-67,11299	158,3602	0	0	False
-25,68026	-67,11299	158,495	0	0	False
-25,68026	-67,11299	158,6296	0	0	False
-25,68026	-67,11299	158,7622	0	0	False
-25,68026	-67,11299	158,9085	0	0	False
-25,68026	-67,11299	159,0549	0	0	False
-25,68026	-67,11299	159,2236	0	0	False
-25,68026	-67,11299	159,366	0	0	False
-25,68026	-67,11299	159,4998	0	0	False
-25,68026	-67,11299	159,6587	0	0	False
-25,68026	-67,11299	159,825	0	0	False
-25,68026	-67,11299	159,9614	0	0	False
-25,68026	-67,11299	160,1094	0	0	False
-25,68026	-67,11299	160,2487	0	0	False
-25,68026	-67,11299	160,3816	0	0	False
19,5	33,74163	2,899064	0	0	False
19,5	33,74163	3,086697	0	0	False
19,5	33,74163	3,278014	0	0	False
19,5	33,74163	3,447608	0	0	False
19,5	33,74163	3,61351	0	0	False
19,5	33,74163	3,791183	0	0	False
19,5	33,74163	4,060112	0	0	False
19,5	33,74163	4,328449	0	0	False
19,5	33,74163	4,596118	0	0	False
19,5	33,74163	4,86407	0	0	False
19,5	33,74163	5,131648	0	0	False
19,5	33,74163	5,39938	0	0	False
19,5	33,74163	5,669995	0	0	False
19,5	33,74163	5,936214	0	0	False
19,5	33,74163	6,204438	0	0	False
19,49998	34,71664	6,473283	0	-0,4577585	False
19,49997	36,15804	6,684575	0	-0,4480756	False
19,50875	37,76061	6,919773	0,3318809	-0,1866376	False
19,67628	39,28455	7,149132	1	0	False
20,14834	40,46623	7,359952	1	0	False
21,09627	41,59108	7,612504	1	0	False
22,32294	42,26809	7,880582	1	0	False
23,59198	42,44034	8,149636	0,6223675	0	False
24,95157	42,28599	8,425754	0,09949167	-0,1285403	False
26,78282	41,98581	8,685328	0	-0,1866376	False
28,70507	41,67041	8,954107	0	-0,1672719	False
30,63665	41,35346	9,223389	0	-0,1672719	False
32,56085	41,03772	9,492016	0	-0,157589	False
34,47755	40,73061	9,755468	-0,05107722	-0,1672719	False
36,58088	40,43781	10,02538	-0,1285403	-0,235052	False
38,56149	40,22735	10,26194	0	-0,2156863	False
40,79045	40,00306	10,52819	0	-0,1963205	False
42,64305	39,82562	10,74148	-0,1091745	-0,2253692	False
44,58143	39,69546	10,96097	-0,04139434	-0,1963205	False
46,37677	39,60535	11,16477	0	0	False
48,16702	39,52099	11,37621	-0,1285403	0	False
49,79783	39,49739	11,58194	-0,2060034	1	False
51,10978	39,54556	11,78955	-0,0801259	0	False
52,22287	39,61054	11,99096	0	0,7095134	False
53,19557	39,66781	12,21044	0	0	False
53,93074	39,71109	12,40327	0	0,5061729	False
54,54882	39,74751	12,60428	0	0,4868071	False
54,9301	39,76995	12,80489	0	0	False
55,17522	39,7852	13,00191	-0,2156863	0	False
55,3201	39,8004	13,16424	-0,1769547	-0,01234569	False
55,59157	39,84122	13,34182	-0,070443	-0,1091745	False
56,21833	39,94855	13,53187	-0,070443	-0,2253692	False
57,16465	40,12941	13,74939	-0,070443	-0,2641007	False
58,47382	40,42133	14,00231	-0,2737836	-0,3125151	False
59,90608	40,888	14,27965	-0,4480756	-0,3125151	False
61,00647	41,44346	14,50646	-0,5449044	-0,3125151	False
61,88073	42,07948	14,70539	-0,5933188	-0,3125151	False
62,72535	42,95311	14,9291	-0,6030017	-0,2931494	False
63,49619	44,17199	15,19482	-0,5933188	-0,2931494	False
64,00047	45,52132	15,44443	-0,3415638	-0,3512467	False
64,38515	47,16751	15,69733	-0,09949167	-0,3802953	False
64,66851	48,72053	15,92092	-0,1769547	-0,4190269	False
64,92787	50,76561	16,19156	-0,2447349	-0,4383927	False
65,01598	52,63977	16,4381	-0,1479061	-0,4190269	False
65,02087	54,25626	16,65016	-0,002662801	-0,409344	False
65,01201	56,18348	16,90364	0	-0,409344	False
65,00231	58,28748	17,17382	0	-0,4383927	False
64,99443	59,99619	17,38611	0	-0,4383927	False
64,98663	61,68838	17,59615	0	-0,4383927	False
64,97708	63,76028	17,85393	0	-0,4383927	False
64,96713	65,9184	18,1213	0	-0,4577585	False
64,95768	67,97075	18,34775	0	-0,5061729	False
64,9489	69,87477	18,55789	0	-0,5061729	False
64,93774	72,29665	18,82514	0	-0,5061729	False
64,92565	74,91659	19,09371	0	-0,5545873	False
64,91548	77,12265	19,30666	0	-0,5545873	False
64,90572	79,24085	19,51069	0	-0,5545873	False
64,89317	81,97752	19,77503	0	-0,5545873	False
64,88033	84,76196	20,04375	0	-0,5352215	False
64,87018	86,96214	20,25617	0	-0,5158557	False
64,86005	89,15773	20,46803	0	-0,5061729	False
64,84728	91,92898	20,73562	0	-0,5061729	False
64,83485	94,62515	20,99569	0	-0,5061729	False
64,82422	96,92883	21,21844	0	-0,5061729	False
64,81367	99,21188	21,43883	0	-0,5061729	False
64,80058	102,0475	21,71271	0	-0,4771242	False
64,78853	104,6596	21,96542	0	-0,2156863	False
64,77814	106,9112	22,18661	0	0	False
64,76648	109,435	22,4451	0	0	False
64,75388	111,9224	22,71338	-0,002662801	0	False
64,73807	114,3254	22,98737	0	0,5061729	False
64,72591	116,1539	23,22952	0	1	False
64,71888	117,208	23,42937	0	1	False
64,71475	117,8286	23,65671	0	1	False
64,71311	118,0742	23,9195	0	0	False
64,71243	118,1759	24,16582	0	0	False
64,7114	118,3307	24,36643	0	-0,09949167	False
64,70742	118,9278	24,60103	0	-0,1866376	False
64,70241	119,6788	24,86871	0	0	False
64,69843	120,2773	25,11582	0	0	False
64,69571	120,6853	25,32835	0	0	False
64,69382	121,0203	25,56087	0,070443	-0,002662801	False
64,70228	121,3967	25,83616	0,2641007	0	False
64,72403	121,6003	26,04527	0,409344	0	False
64,74079	121,6801	26,21107	0,3512467	0	False
64,81042	121,903	26,37767	0,01234569	-0,235052	False
65,00396	122,5109	26,53316	0	-0,2641007	False
65,18394	123,0762	26,67855	0	-0,157589	False
65,3632	123,6393	26,82226	0	-0,1382232	False
65,55183	124,226	26,96806	0,2447349	-0,1382232	False
65,78355	124,8463	27,12566	0,4674413	-0,1382232	False
66,05439	125,3968	27,27042	0,5836359	-0,070443	False
66,41269	125,9431	27,42624	0,6126846	-0,06076011	False
66,94179	126,5519	27,57832	0,6417332	-0,1672719	False
67,65395	127,1798	27,73385	0,6417332	-0,1866376	False
68,45116	127,7051	27,8906	0,6417332	-0,1866376	False
69,33922	128,1237	28,05183	0,6320504	-0,1382232	False
70,22706	128,3998	28,2051	0,6223675	-0,08980878	False
71,23003	128,5657	28,37213	0,6030017	-0,070443	False
72,41535	128,5841	28,56755	0,4771242	-0,06076011	False
73,49937	128,4622	28,74705	0,2737836	-0,06076011	False
74,58834	128,2685	28,92234	0	-0,08980878	False
75,63262	128,0782	29,07977	0	-0,1091745	False
76,68591	127,8863	29,23627	0	-0,1285403	False
77,95672	127,6547	29,40437	0	-0,1963205	False
79,2215	127,4242	29,56287	0	-0,1963205	False
80,45907	127,1989	29,71794	-0,03171146	-0,1963205	False
81,71155	126,9828	29,87436	-0,1479061	-0,1963205	False
82,96178	126,8114	30,02993	-0,2737836	-0,1963205	False
84,21511	126,7059	30,18533	-0,08980878	-0,1382232	False
85,38721	126,6333	30,3301	0	-0,08980878	False
86,68484	126,5538	30,4858	0	-0,157589	False
88,06548	126,4694	30,63232	-0,01234569	-0,1866376	False
89,4368	126,3898	30,77619	-0,03171146	-0,1866376	False
90,78217	126,3206	30,91753	-0,05107722	-0,1866376	False
92,26999	126,265	31,07349	-0,1285403	-0,1866376	False
93,66355	126,2489	31,21944	-0,09949167	-0,1672719	False
95,01358	126,2603	31,36094	-0,03171146	-0,1091745	False
96,37819	126,2793	31,50417	0	-0,070443	False
97,76508	126,2986	31,64945	0	-0,070443	False
99,14275	126,3179	31,79401	-0,01234569	-0,070443	False
100,5274	126,3416	31,93959	-0,002662801	-0,070443	False
101,9041	126,3688	32,08405	0	-0,070443	False
103,295	126,3962	32,22969	0	-0,070443	False
104,6637	126,4232	32,37334	0	-0,070443	False
106,0541	126,4507	32,51954	0	-0,06076011	False
107,4394	126,4781	32,66495	0	-0,04139434	False
108,8127	126,5052	32,80918	0	-0,04139434	False
110,1673	126,532	32,95113	0	-0,01234569	False
111,5417	126,5591	33,09825	0	0	False
112,7546	126,5831	33,23422	0	0	False
114,0003	126,6077	33,38206	0	0	False
115,132	126,63	33,5247	0	0	False
116,2122	126,6513	33,66879	0	0	False
117,2294	126,6713	33,81446	0,0801259	0	False
118,1785	126,6781	33,96073	0,1866376	0	False
119,0424	126,6518	34,1042	0,2641007	0	False
119,8539	126,5852	34,2509	0,2544178	0	False
120,5799	126,4868	34,39587	0,322198	0	False
121,2818	126,3426	34,55294	0,409344	0	False
121,8498	126,1738	34,69803	0,4771242	0	False
122,3317	125,9794	34,84208	0,5061729	0	False
122,8248	125,7112	35,02236	0,5545873	0	False
123,2996	125,3518	35,22385	0,5158557	-0,04139434	False
123,8409	124,8056	35,42745	0,4577585	-0,070443	False
124,4303	124,002	35,68312	0,4577585	-0,08980878	False
124,9369	122,9905	35,95952	0,4480756	-0,1091745	False
125,3182	121,7445	36,22057	0,3415638	-0,1866376	False
125,5857	120,2503	36,48912	0,2156863	-0,1963205	False
125,729	118,6869	36,76349	0,1866376	-0,2156863	False
125,7661	117,102	37,0248	0,09949167	-0,235052	False
125,7419	115,1972	37,29296	0	-0,3318809	False
125,6963	112,8793	37,56128	0	-0,409344	False
125,6477	110,4058	37,83493	0	-0,4383927	False
125,599	107,9249	38,09626	0	-0,5158557	False
125,5415	104,9989	38,36461	0	-0,5449044	False
125,483	102,0262	38,63394	0	-0,5449044	False
125,425	99,07211	38,90163	0	-0,5449044	False
125,3669	96,11752	39,16923	0	-0,5449044	False
125,3089	93,16705	39,43663	0	-0,5352215	False
125,2492	90,12649	39,71209	0	-0,5352215	False
125,1927	87,24972	39,9728	0	-0,5352215	False
125,1514	84,29189	40,2409	-0,01234569	-0,5352215	False
125,1296	81,24921	40,50965	0	-0,6126846	False
125,1023	77,44652	40,77694	0	-0,7772936	False
125,0739	73,47163	41,04541	0	-0,6998306	False
125,0656	69,4764	41,31302	-0,04139434	-0,6804648	False
125,1174	65,3954	41,58642	0	-0,6030017	False
125,1769	61,46079	41,84908	0	-0,6417332	False
125,2377	57,43917	42,11742	0	-0,6320504	False
125,2985	53,41413	42,38568	0	-0,6320504	False
125,3589	49,41899	42,65226	0	-0,5061729	False
125,4196	45,4068	42,9201	0	-0,4771242	False
125,4779	41,55316	43,1778	0	-0,4868071	False
125,5314	38,0138	43,41348	0	-0,5061729	False
125,5836	34,56516	43,64341	0	-0,5061729	False
125,6353	31,14535	43,87125	0	-0,4868071	False
125,6858	27,80565	44,09414	0	-0,4868071	False
125,7339	24,62821	44,30647	0	-0,1091745	False
125,7786	21,67108	44,506	0	0,2737836	False
125,8189	19,00306	44,69719	0	0,6030017	False
125,8548	16,63074	44,88795	0	0,7579279	False
125,8447	14,64769	45,07648	0,6030017	1	False
125,4717	12,80046	45,31178	1	1	False
124,6707	11,47932	45,58191	1	1	False
123,9285	10,90885	45,85587	0,6514161	0	False
122,9389	10,54153	46,11776	0,3706124	-0,2834665	False
120,8198	10,06358	46,38556	0,3318809	-0,409344	False
118,4353	9,827091	46,65729	0,3318809	-0,3125151	False
116,0973	9,884162	46,92249	0,2156863	-0,2931494	False
113,7546	10,11084	47,18943	0	-0,2931494	False
111,3953	10,34939	47,45845	0	-0,2931494	False
108,6838	10,62358	47,73292	0	-0,3899783	False
106,011	10,89386	47,99446	0	-0,3899783	False
103,2709	11,17083	48,26265	-0,002662801	-0,3318809	False
100,4874	11,43578	48,53051	-0,1285403	-0,3609295	False
97,59	11,604	48,79839	0	-0,3609295	False
94,67018	11,73233	49,06628	0	-0,3609295	False
91,73547	11,85612	49,33362	-0,02202857	-0,3609295	False
88,69646	11,94582	49,60787	-0,1091745	-0,3802953	False
85,7403	11,95645	49,87009	0	-0,3512467	False
82,73393	11,96203	50,13672	0	-0,3512467	False
79,70477	11,96761	50,40584	0	0,04139434	False
76,8047	11,97293	50,6841	0	0,8257081	False
74,53156	11,97709	50,95249	0	1	False
72,89678	11,98007	51,21983	0	1	False
71,85039	11,97673	51,49453	-0,1382232	0,2447349	False
70,71548	11,90195	51,76745	-0,2544178	-0,235052	False
68,76301	11,60056	52,03597	-0,2737836	-0,3125151	False
66,769	11,07088	52,304	-0,4577585	-0,322198	False
64,82581	10,19132	52,57225	-0,6030017	-0,2641007	False
63,06696	8,849107	52,85099	-0,6901477	-0,2544178	False
61,76335	7,176155	53,1185	-0,6901477	-0,2544178	False
60,97443	5,377605	53,36583	-0,6901477	-0,235052	False
60,6477	3,734666	53,5766	-0,4771242	-0,1672719	False
60,53321	1,807117	53,82061	-0,04139434	-0,002662801	False
60,46615	-0,3594647	54,08933	0	-0,01234569	False
60,42133	-2,217368	54,31494	-0,08980878	-0,03171146	False
60,41749	-3,862262	54,51187	0	-0,03171146	False
60,42102	-5,828388	54,73677	0	-0,1382232	False
60,42638	-8,801012	55,00658	0	-0,1963205	False
60,43068	-11,18337	55,22097	0	-0,1672719	False
60,43424	-13,16516	55,39937	0	-0,1382232	False
60,43793	-15,21355	55,58384	0	-0,1382232	False
60,44136	-17,11016	55,75446	0	-0,1382232	False
60,44475	-18,97142	55,92239	0	-0,1382232	False
60,4479	-20,69952	56,07791	0	-0,1382232	False
60,45106	-22,42969	56,23351	0	-0,1382232	False
60,45424	-24,16918	56,39034	0	-0,1382232	False
60,45739	-25,90008	56,54634	0	-0,1382232	False
60,46062	-27,66944	56,71155	0	-0,1382232	False
60,46395	-29,49763	56,87011	0	-0,1382232	False
60,4671	-31,23059	57,02643	0	-0,1382232	False
60,47023	-32,96445	57,1826	0	-0,1382232	False
60,4734	-34,70981	57,33981	0	-0,1382232	False
60,47657	-36,44986	57,49629	0	-0,1382232	False
60,47972	-38,18302	57,65258	0	0	False
60,48281	-39,87793	57,80979	0	0	False
60,48592	-41,5976	57,97716	0	0	False
60,48871	-43,13453	58,1347	0	0,8934883	False
60,49107	-44,43896	58,30162	0	1	False
60,49268	-45,33759	58,47013	0	1	False
60,49366	-45,88857	58,65015	0	1	False
60,49387	-46,01566	58,81542	0	1	False
60,49385	-46,01566	58,96167	0	0,4577585	False
19,5	33,74168	59,15093	0	0	False
19,5	33,74163	59,41905	0	0	False
19,5	33,74163	59,68783	0	0	False
19,5	33,74163	59,95482	0	0	False
19,5	33,74163	60,22373	0	0	False
19,5	33,74163	60,43556	0	0,2544178	False
19,5	33,74163	60,64703	0	0,4868071	False
19,5	33,74163	60,90413	0	0,09949167	False
19,5	33,74163	61,17196	0	0	False
19,5	33,74163	61,43993	0	0	False
19,5	33,74163	61,70934	0	0	False
19,5	33,74163	61,95426	0	0,002662801	False
19,5	33,74163	62,22208	0	0,6320504	False
19,5	33,74163	62,49063	0	0,8257081	False
19,5	33,74163	62,75835	0	1	False
19,5	33,74162	63,01604	0,1769547	1	False
19,5	33,74162	63,21723	0,1963205	1	False
19,5	33,74162	63,41734	0,05107722	1	False
19,5	33,74162	63,62498	0	0	False
19,52079	33,90527	63,81941	0	-0,2931494	False
19,69492	35,27001	64,01015	0	-0,5352215	False
19,90894	36,93336	64,22173	0	0	False
20,13975	38,45744	64,42346	0,4190269	0	False
20,5205	39,83921	64,62341	0,661099	0	False
21,11324	40,96844	64,81408	1	0	False
22,1208	41,99467	65,04675	1	0	False
23,44483	42,63976	65,30499	1	0	False
24,84999	42,77244	65,57452	0,5933188	0	False
26,14567	42,60514	65,84827	0,01234569	0	False
27,25481	42,42189	66,10992	0	0	False
28,63336	42,19411	66,37791	0	-0,1672719	False
30,5867	41,87138	66,64735	0	-0,235052	False
32,56741	41,54416	66,91418	0	-0,2253692	False
34,55492	41,21603	67,18201	-0,02202857	-0,2253692	False
36,43793	40,92013	67,42815	-0,070443	-0,2931494	False
38,45675	40,65749	67,66206	-0,1285403	-0,3125151	False
40,49796	40,4764	67,8941	-0,1285403	-0,3125151	False
42,39397	40,38495	68,10913	-0,1285403	-0,3125151	False
44,27446	40,35488	68,32227	0	-0,2931494	False
46,34624	40,33212	68,55661	0	-0,2931494	False
48,21928	40,31153	68,76911	0	-0,2931494	False
50,0811	40,2911	68,98058	0	0	False
51,88586	40,2713	69,1925	0	0,06076011	False
53,44476	40,2542	69,38354	0	0	False
54,98342	40,23732	69,58334	0	0	False
56,53908	40,22025	69,79933	0	0	False
58,00365	40,20419	70,00941	0	-0,06076011	False
59,77583	40,18475	70,19823	0	-0,235052	False
61,8202	40,16233	70,39931	0	-0,235052	False
63,80666	40,14053	70,59478	0	-0,235052	False
65,66861	40,12009	70,77795	0	-0,235052	False
67,50378	40,09993	70,95853	0	-0,235052	False
69,64483	40,07641	71,14751	0	-0,3802953	False
71,85514	40,05212	71,32654	0	-0,3802953	False
73,9326	40,0293	71,4947	0	-0,322198	False
76,09518	40,00649	71,67031	-0,04139434	-0,322198	False
78,18361	39,99943	71,83973	-0,03171146	-0,322198	False
80,22997	40,00537	72,00571	0	-0,2931494	False
82,19574	40,01202	72,16511	0	-0,2931494	False
84,45725	40,01979	72,34815	-0,01234569	-0,2931494	False
86,50294	40,03285	72,51404	0	-0,2931494	False
88,50249	40,04743	72,67627	0	-0,2834665	False
90,58063	40,06258	72,84509	0	-0,2834665	False
92,63394	40,07753	73,01141	0	-0,2834665	False
94,55461	40,09151	73,16748	0	-0,2834665	False
96,48834	40,10558	73,32446	0	-0,2834665	False
98,41465	40,11959	73,48071	0	-0,1963205	False
100,3548	40,13372	73,63857	0	0	False
102,3272	40,14806	73,80397	0	0	False
104,0047	40,16026	73,94997	0	0	False
105,5558	40,17155	74,09128	0	0	False
107,0889	40,18273	74,23755	0	0	False
108,4364	40,19253	74,37334	0	0,4480756	False
109,7232	40,20191	74,51985	0	0,5545873	False
110,8031	40,20977	74,66475	0	0,6417332	False
111,6456	40,21589	74,80974	0	0,835391	False
112,239	40,22021	74,95508	0	0	False
112,7504	40,22393	75,10071	0	0	False
113,1938	40,22716	75,2469	0	0	False
113,565	40,22985	75,38953	0	-0,01234569	False
113,9947	40,23299	75,53586	0	-0,04139434	False
114,4839	40,23655	75,68118	0	-0,070443	False
115,0897	40,24096	75,84126	0	-0,1091745	False
115,8642	40,24659	76,02825	0	-0,1285403	False
116,6459	40,25227	76,19451	0	-0,1672719	False
117,3572	40,25746	76,33893	0	-0,1672719	False
118,0759	40,26269	76,48477	0	-0,1672719	False
118,7939	40,26791	76,63024	0	-0,1672719	False
119,5061	40,27307	76,77504	0,03171146	-0,09949167	False
120,1988	40,27163	76,91608	0,1769547	-0,01234569	False
120,8767	40,2436	77,06145	0,3512467	0	False
121,4547	40,17947	77,19962	0,4287098	0	False
121,9862	40,07555	77,34447	0,4287098	0	False
122,4491	39,94195	77,48966	0,4383927	-0,01234569	False
123,0949	39,68904	77,63611	0,4383927	-0,157589	False
123,8693	39,30502	77,78088	0,4480756	-0,2156863	False
124,6677	38,81184	77,92798	0,5255386	-0,2156863	False
125,5619	38,10201	78,10722	0,5449044	-0,2156863	False
126,4005	37,21571	78,29569	0,5836359	-0,235052	False
127,1636	36,0966	78,49755	0,661099	-0,2544178	False
127,7617	34,42717	78,75477	1	0	False
127,729	32,66972	79,02448	0,5255386	0	False
127,3444	31,06258	79,29699	0	0	False
126,9744	29,64114	79,56024	-0,08980878	0	False
126,6809	28,30706	79,82648	-0,409344	0,09949167	False
126,5612	27,02686	80,09469	-0,06076011	0	False
126,4977	25,71019	80,3628	0	-0,1382232	False
126,4158	24,00687	80,63055	0	-0,1382232	False
126,3305	22,23197	80,90955	0	-0,1091745	False
126,2468	20,48967	81,18379	0	-0,1091745	False
126,1728	18,95095	81,42556	0	-0,09949167	False
126,1062	17,56535	81,64364	0	-0,04139434	False
126,0062	15,75379	81,93793	0,4190269	0	False
125,7222	14,25496	82,2062	0,6417332	0	False
125,1377	12,98098	82,47597	1	0	False
124,0285	11,91627	82,75113	1	-0,1091745	False
122,4147	11,15229	83,01234	0,5449044	-0,1382232	False
120,6101	10,71747	83,28024	0,4771242	-0,1382232	False
118,5608	10,59142	83,55043	0,2641007	-0,1963205	False
116,3957	10,65255	83,81659	0	-0,2156863	False
114,1865	10,72331	84,08502	0	-0,2253692	False
111,464	10,81052	84,35224	0	-0,5158557	False
107,4989	10,93755	84,62769	0	-0,6707819	False
103,5939	11,06267	84,88821	0	-0,6707819	False
99,56644	11,19175	85,15688	0	-0,661099	False
95,53311	11,32092	85,42587	-0,002662801	-0,7772936	False
91,53486	11,44805	85,69263	0	-0,7385621	False
87,52109	11,54833	85,9604	-0,070443	-0,7772936	False
83,50452	11,58332	86,22816	0	-0,7385621	False
79,39784	11,61876	86,50232	-0,002662801	-0,7385621	False
75,45799	11,61891	86,76486	0	-0,6998306	False
71,46136	11,59781	87,03164	0	-0,4868071	False
67,45217	11,57666	87,30049	0	-0,08980878	False
63,44748	11,55554	87,5695	0	-0,01234569	False
59,55155	11,53501	87,83572	0	0	False
55,75409	11,515	88,10412	0	0	False
52,0245	11,49534	88,37729	0	0	False
48,56165	11,4771	88,63984	0	0	False
45,15211	11,45914	88,90821	0	0	False
41,8693	11,44186	89,17644	0	0	False
38,71579	11,42525	89,44501	0	-0,002662801	False
35,61732	11,40894	89,71206	0	-0,002662801	False
32,50364	11,39254	89,98036	0	-0,002662801	False
29,32061	11,37578	90,25471	0	-0,002662801	False
26,26553	11,3597	90,51809	0	-0,002662801	False
23,17765	11,34344	90,78396	0	-0,002662801	False
20,03977	11,32692	91,05446	0	-0,002662801	False
16,94449	11,31062	91,32026	0	-0,01234569	False
13,49261	11,29244	91,58813	0	-0,09949167	False
9,991282	11,274	91,85631	0	-0,09949167	False
6,3983	11,25508	92,13148	0	-0,09949167	False
3,135163	11,23789	92,38146	0	-0,06076011	False
0,03530553	11,22202	92,6195	0,01234569	0	False
-2,484308	11,21265	92,81764	0	0	False
-4,938835	11,20366	93,01835	0	0	False
-7,385564	11,19472	93,23111	0	1	False
-9,360861	11,18749	93,44288	0	1	False
-10,76558	11,18234	93,64424	0	1	False
-11,89028	11,17823	93,85615	0	0	False
-13,12447	11,17371	94,11337	0	0	False
-14,17104	11,16988	94,35471	0	0	False
-14,91402	11,16715	94,54813	0	0	False
-15,52055	11,16492	94,72824	-0,070443	0	False
-16,11469	11,15208	94,91758	-0,2544178	-0,1091745	False
-17,57392	11,02278	95,11917	-0,2834665	-0,4190269	False
-19,52212	10,69205	95,31995	-0,409344	-0,4771242	False
-21,53786	10,06719	95,53189	-1	-0,1963205	False
-23,22944	9,016249	95,73315	-1	-0,06076011	False
-24,58788	7,499625	95,93953	-1	-0,04139434	False
-25,48797	5,593803	96,14663	-0,6804648	-0,070443	False
-25,94852	3,454837	96,35842	-0,4771242	0	False
-26,11205	1,432566	96,56055	-0,2447349	0	False
-26,12568	-0,5936627	96,77106	-0,1769547	-0,01234569	False
-26,03687	-2,624054	96,97272	-0,002662801	0	False
-25,94078	-4,372811	97,15127	0	0	False
-25,84328	-6,146487	97,34254	0	0	False
-25,75309	-7,787297	97,52883	0	0	False
-25,66961	-9,305899	97,71082	0	0	False
-25,59213	-10,71548	97,88916	0	0	False
-25,5148	-12,12248	98,0793	0	0	False
-25,43473	-13,5792	98,28979	0	0	False
-25,37458	-14,67362	98,4591	0,01234569	0	False
-25,3279	-15,73484	98,63622	0,2737836	0	False
-25,35294	-16,71677	98,8152	0,5352215	0	False
-25,49687	-17,64132	99,00177	0,5545873	0	False
-25,74194	-18,43695	99,18532	0,5642702	0	False
-26,07327	-19,12843	99,37417	0,5836359	0	False
-26,45873	-19,69118	99,56462	0,5836359	0	False
-26,85953	-20,11739	99,75326	0,5836359	0	False
-27,24225	-20,4167	99,93882	0,5545873	0	False
-27,58367	-20,61181	100,1228	0,5255386	0	False
-27,85695	-20,7239	100,3006	0,4287098	0	False
-28,11883	-20,79929	100,4696	0,235052	-0,04139434	False
-28,52079	-20,89022	100,6471	0,1769547	-0,08980878	False
-29,07999	-20,99058	100,8257	0,157589	-0,157589	False
-29,78815	-21,09017	100,9946	0,157589	-0,1963205	False
-30,54398	-21,16731	101,1729	0,157589	-0,1963205	False
-31,25792	-21,21275	101,3408	0,157589	-0,1963205	False
-31,91932	-21,2312	101,4956	0,1382232	-0,1963205	False
-32,58901	-21,22983	101,6527	0,02202857	-0,1963205	False
-33,25923	-21,22142	101,8099	0	-0,1963205	False
-34,05759	-21,21129	101,9664	0	-0,2834665	False
-35,07682	-21,19837	102,1407	0	-0,3512467	False
-36,18747	-21,18429	102,3057	0	-0,3609295	False
-37,24537	-21,17089	102,4626	0	-0,3609295	False
-38,44247	-21,15573	102,6333	0	-0,4190269	False
-39,72396	-21,1395	102,802	0	-0,4190269	False
-40,92256	-21,12433	102,9597	0	-0,4190269	False
-42,30012	-21,10689	103,1273	0	-0,5352215	False
-43,80131	-21,08788	103,2834	0	-0,5739531	False
-45,35887	-21,06816	103,4403	0	-0,5739531	False
-47,02084	-21,04712	103,6077	0	-0,5739531	False
-48,57835	-21,02741	103,7646	0	-0,5739531	False
-50,12024	-21,00789	103,9199	0	-0,5739531	False
-51,67962	-20,98817	104,0767	0	-0,5739531	False
-53,25065	-20,9683	104,2349	0	-0,5739531	False
-54,89074	-20,94757	104,4004	0	-0,5739531	False
-56,46738	-20,92765	104,5593	0	-0,5739531	False
-58,20189	-20,90573	104,7256	0	-0,6417332	False
-60,01658	-20,8828	104,8913	0	-0,6417332	False
-61,62157	-20,86254	105,038	0	-0,6417332	False
-63,34006	-20,84084	105,1947	-0,002662801	-0,6417332	False
-65,16004	-20,82418	105,3614	-0,05107722	-0,6417332	False
-66,87684	-20,82852	105,5181	-0,06076011	-0,6320504	False
-68,59283	-20,84989	105,6747	0	-0,5739531	False
-70,29182	-20,87264	105,83	0	-0,5739531	False
-71,98605	-20,89532	105,9853	0	-0,5739531	False
-73,70886	-20,91839	106,1428	0	-0,5739531	False
-75,43729	-20,94154	106,3009	0	-0,5545873	False
-77,11325	-20,96399	106,4539	0	-0,5352215	False
-78,72511	-20,98557	106,6018	0	-0,3318809	False
-80,3985	-21,00798	106,7567	0	0	False
-82,01263	-21,0296	106,9128	0	0	False
-83,44014	-21,04871	107,0586	0	0,5158557	False
-84,81284	-21,0671	107,2177	0	0,5739531	False
-86,28118	-21,08675	107,4186	0	0,5739531	False
-87,19353	-21,09896	107,5714	0	0,4771242	False
-87,91019	-21,10856	107,7158	0	0	False
-88,56259	-21,11729	107,8619	0	0	False
-89,14255	-21,12506	108,0074	0	0	False
-89,65144	-21,13186	108,1525	0	0	False
-90,09055	-21,13774	108,298	0	0	False
-90,5509	-21,1439	108,4781	0	0	False
-91,47408	-21,15627	108,6796	0	-0,2931494	False
-92,77007	-21,1745	108,8452	-0,05107722	-0,4383927	False
-94,17993	-21,21491	108,9903	-0,1963205	-0,5352215	False
-95,71024	-21,31865	109,135	-0,3125151	-0,5836359	False
-97,40876	-21,56392	109,2915	-0,5739531	-0,1285403	False
-98,92173	-22,00467	109,4363	-1	0	False
-100,2764	-22,71527	109,5824	-1	0	False
-101,4025	-23,63809	109,728	-1	0	False
-102,3611	-24,88297	109,8951	-1	0,3802953	False
-102,8936	-26,08465	110,0526	-1	0,8644396	False
-103,1065	-27,21468	110,2204	-0,6901477	0	False
-103,1541	-28,29945	110,388	-0,5158557	0	False
-103,0769	-29,35982	110,5657	-0,1963205	0	False
-102,921	-30,5859	110,7333	-0,070443	-0,2544178	False
-102,7064	-32,18216	110,8908	-0,002662801	-0,3125151	False
-102,4709	-33,89135	111,0579	0	-0,2156863	False
-102,2571	-35,37864	111,2029	0	-0,157589	False
-102,0384	-36,86831	111,3483	0	-0,1285403	False
-101,8031	-38,47047	111,5042	0	-0,1382232	False
-101,583	-39,9698	111,6483	0	-0,1285403	False
-101,345	-41,59069	111,8046	0	-0,070443	False
-101,1255	-43,0974	111,9495	0,09949167	-0,002662801	False
-100,938	-44,56498	112,0944	0,1866376	0	False
-100,8095	-46,07646	112,2506	0,2737836	0	False
-100,7648	-47,52879	112,4078	0,08980878	0	False
-100,7494	-48,76276	112,5468	0	-0,01234569	False
-100,7335	-50,05414	112,6928	0	-0,01234569	False
-100,7188	-51,2874	112,8316	0,04139434	-0,01234569	False
-100,7115	-52,65705	112,9775	0,03171146	-0,08980878	False
-100,711	-54,17843	113,122	0	-0,1382232	False
-100,7105	-55,76142	113,2692	0	-0,1382232	False
-100,7101	-57,30767	113,4128	0	-0,06076011	False
-100,7097	-58,85332	113,5594	0	0	False
19,5	33,74168	113,7426	0	0	False
19,5	33,74163	114,0197	0	1	False
19,5	33,74163	114,2967	0	0	False
19,5	33,74163	114,5567	0	0	False
19,5	33,74163	114,8217	0	0	False
19,5	33,74163	115,0905	0	0	False
19,5	33,74163	115,3583	0	0	False
19,5	33,74163	115,6357	0	0	False
19,5	33,74163	115,9067	0	0	False
19,5	33,74163	116,1748	0	0	False
19,5	33,74163	116,4429	0	0	False
19,5	33,74163	116,7214	0	0	False
19,5	33,74163	116,9899	0	0	False
19,5	33,74163	117,2579	0	0	False
19,5	33,74163	117,5262	0	0	False
19,5	33,74163	117,7938	0	0	False
19,5	33,74163	118,0617	0	0	False
19,5	33,74163	118,3306	0	0	False
19,5	33,74163	118,598	0	0	False
19,5	33,74163	118,8677	0	0	False
19,5	33,74163	119,134	0	0	False
19,5	33,74163	119,4018	0	0	False
19,5	33,74163	119,6695	0	0	False
19,5	33,74163	119,9383	0	0	False
19,5	33,74163	120,2068	0	0	False
19,5	33,74163	120,4741	0	0	False
19,5	33,74163	120,7421	0	0	False
19,5	33,74163	121,0105	0	0	False
19,5	33,74163	121,2786	0	0	False
19,5	33,74163	121,547	0	0	False
19,5	33,74163	121,815	0	0	False
19,5	33,74163	122,0829	0	0	False
19,5	33,74163	122,3511	0	0	False
19,5	33,74163	122,6186	0	0	False
19,5	33,74163	122,8869	0	0	False
19,5	33,74163	123,1545	0	0	False
19,5	33,74163	123,3546	0	0	False
19,5	33,74163	123,5338	0	0	False
19,5	33,74163	123,7129	0	0	False
19,5	33,74163	123,9367	0	0	False
19,5	33,74163	124,2043	0	0	False
19,5	33,74985	124,4729	0	-0,01234569	False
19,5	34,04167	124,7189	0	-0,1091745	False
19,50039	34,36276	124,9095	0,070443	-0,1091745	False
19,50852	34,75868	125,1159	0,2060034	-0,09949167	False
19,54551	35,23764	125,3227	0,2544178	-0,1285403	False
19,63993	35,85997	125,5235	0,2641007	-0,1963205	False
19,81489	36,6189	125,7241	0,3899783	-0,2156863	False
20,07512	37,36991	125,9258	0,5449044	-0,2156863	False
20,4892	38,14405	126,1481	1	-0,2156863	False
21,12543	38,81527	126,383	1	-0,2156863	False
22,05546	39,34011	126,6521	0,4480756	-0,235052	False
23,16154	39,72552	126,9209	0,4190269	0	False
24,23898	39,91845	127,188	0,409344	-0,1479061	False
26,4314	39,99838	127,456	0,070443	-0,3899783	False
29,11192	39,9983	127,7235	0	-0,4383927	False
31,93774	39,99795	127,9977	0	-0,4383927	False
34,64418	39,99761	128,2601	0	-0,4383927	False
37,19666	39,99728	128,5076	0	-0,4383927	False
40,00492	39,99692	128,7802	0	-0,4190269	False
42,23474	39,99663	128,9963	0	-0,409344	False
45,07971	39,99627	129,2732	0	0	False
47,88958	39,99591	129,5551	0	0,070443	False
50,38357	39,9956	129,8228	0	0,4868071	False
52,61087	39,99532	130,0971	0	0,8257081	False
54,04075	39,99513	130,3275	0	1	False
54,857	39,99502	130,5442	0	1	False
55,23694	39,99497	130,795	0	0	False
55,43594	39,99459	131,0629	0,1285403	0	False
55,50445	39,99199	131,2679	0,2447349	-0,01234569	False
55,63708	39,97656	131,4666	0,2834665	-0,04139434	False
56,17232	39,86732	131,744	0,1769547	-0,157589	False
56,84247	39,69048	132,014	0,1479061	-0,157589	False
57,44512	39,49382	132,2604	0,2447349	-0,1672719	False
58,25198	39,15377	132,5271	0,2060034	-0,2156863	False
59,17086	38,66393	132,8015	0,4674413	-0,2931494	False
60,38938	37,72609	133,0641	0,5739531	-0,4190269	False
61,56249	36,35649	133,3319	1	-0,2641007	False
62,27968	34,63081	133,611	1	-0,08980878	False
62,32391	32,61951	133,8797	0,4383927	-0,1963205	False
61,86805	29,63167	134,1471	0,04139434	-0,3512467	False
61,29736	26,55037	134,4152	0	0	False
60,77386	23,3921	134,7004	-0,2447349	0	False
60,5654	20,58147	134,9621	-0,2834665	0	False
60,61614	17,23477	135,2302	0	-0,2641007	False
60,69972	13,26512	135,5003	0	-0,2834665	False
60,78599	9,169733	135,778	0	-0,08980878	False
60,86889	5,233749	136,0465	0,01234569	0	False
60,90209	1,691694	136,2952	0,1285403	0	False
60,81821	-1,326119	136,515	0	0	False
60,68843	-4,712321	136,7713	0	0	False
60,56179	-8,016654	137,0385	0	1	False
60,47804	-10,20196	137,2515	0	1	False
60,41851	-11,76823	137,4408	-0,04139434	0	False
60,38295	-13,14219	137,6194	-0,1672719	0	False
60,40173	-14,36872	137,7891	-0,2641007	0	False
60,50316	-15,65125	137,9666	-0,3318809	-0,04139434	False
60,7086	-16,93719	138,1357	-0,409344	-0,08980878	False
61,10828	-18,44067	138,3124	-0,5158557	-0,157589	False
61,80363	-20,10181	138,5084	-0,6804648	-0,157589	False
62,77029	-21,4874	138,6922	-1	-0,1285403	False
64,63412	-22,92876	138,9499	-0,6901477	-0,1091745	False
66,96546	-23,85371	139,2176	-0,4577585	-0,1285403	False
68,85695	-24,26991	139,4194	-0,409344	-0,1382232	False
70,65255	-24,46744	139,6043	-0,235052	-0,157589	False
73,36516	-24,5775	139,8764	-0,002662801	-0,1672719	False
76,18951	-24,6438	140,1447	0	-0,2834665	False
78,22422	-24,69155	140,3123	0	-0,3125151	False
80,40331	-24,7427	140,4906	0	-0,2931494	False
82,59473	-24,79414	140,6693	0	-0,2931494	False
84,65615	-24,84254	140,8379	0	-0,2834665	False
86,82743	-24,89353	141,0153	0	-0,2834665	False
88,97966	-24,94117	141,1897	-0,070443	-0,2931494	False
91,09989	-24,95181	141,3608	-0,01234569	-0,2834665	False
93,33573	-24,93946	141,5413	0	-0,1963205	False
95,54764	-24,92715	141,7201	0	-0,1963205	False
97,64003	-24,91548	141,8892	0	-0,1382232	False
99,68996	-24,90405	142,0547	0	-0,06076011	False
101,616	-24,89331	142,2107	0	-0,01234569	False
103,5648	-24,8823	142,3687	-0,05107722	-0,01234569	False
105,4608	-24,84854	142,523	-0,1091745	0	False
107,3206	-24,77572	142,6803	0	0	False
109,0778	-24,70097	142,8346	0	0	False
110,6597	-24,63367	142,9804	0	0,4868071	False
112,078	-24,57332	143,1253	0	0,8547567	False
113,3007	-24,5213	143,2811	0	0,6707819	False
114,1904	-24,48343	143,4241	0	0	False
115,0507	-24,44683	143,5804	0	0	False
115,7751	-24,41601	143,7244	0	0	False
116,417	-24,38868	143,8652	0	0	False
117,0569	-24,36145	144,0214	0	0	False
117,5781	-24,33928	144,166	0	0	False
118,0381	-24,31971	144,3129	0	0	False
118,4427	-24,30308	144,466	0,09949167	0	False
118,7571	-24,29619	144,6109	0,1672719	0	False
119,0565	-24,29999	144,7562	0,1672719	-0,03171146	False
119,441	-24,31919	144,9029	0,235052	-0,06076011	False
119,8815	-24,36241	145,0466	0,2060034	-0,1285403	False
120,4427	-24,44118	145,192	0,1963205	-0,1382232	False
120,9972	-24,54116	145,3371	0,1866376	-0,1382232	False
121,5486	-24,66442	145,4823	0,3609295	-0,1382232	False
122,0961	-24,82793	145,6278	0,5255386	-0,1672719	False
122,7335	-25,09579	145,7677	0,6320504	-0,235052	False
123,4071	-25,48155	145,9134	0,6417332	-0,235052	False
123,9974	-25,92943	146,0521	1	-0,2156863	False
124,5636	-26,54712	146,2095	1	-0,1672719	False
124,9543	-27,21362	146,3546	1	-0,1672719	False
125,2372	-28,01166	146,5099	0,5255386	-0,1963205	False
125,4333	-28,84706	146,659	0,2931494	-0,1963205	False
125,5796	-29,71749	146,8117	0,2156863	-0,1963205	False
125,6876	-30,60479	146,9589	0,1866376	-0,235052	False
125,7735	-31,65606	147,1143	0,1866376	-0,2931494	False
125,8317	-32,99648	147,2729	0,09949167	-0,4577585	False
125,8691	-34,58754	147,4281	0	-0,5158557	False
125,9065	-36,36954	147,5952	0	-0,5352215	False
125,9423	-38,07628	147,7526	0	-0,5352215	False
125,9776	-39,75759	147,9078	0	-0,4771242	False
126,0105	-41,3393	148,0534	0,02202857	-0,4577585	False
126,0334	-42,89241	148,1967	0,08980878	-0,4383927	False
126,0311	-44,59929	148,3542	0,01234569	-0,4190269	False
126,0212	-46,16816	148,4993	0	-0,4190269	False
126,0113	-47,73628	148,644	0	-0,4190269	False
126,0017	-49,25589	148,7842	0	-0,409344	False
125,9918	-50,8399	148,9305	0	-0,3802953	False
125,9811	-52,52324	149,0861	0	-0,2544178	False
125,9717	-54,02749	149,2253	0	-0,2253692	False
125,9644	-55,58326	149,369	-0,05107722	-0,2156863	False
125,9702	-57,15885	149,5149	-0,04139434	-0,2156863	False
125,9895	-58,72513	149,6602	-0,04139434	-0,2156863	False
126,0183	-60,28186	149,8064	0	0	False
126,046	-61,73911	149,9495	0	0	False
126,0729	-63,15461	150,0957	0	0	False
126,0982	-64,48374	150,2404	0	0	False
126,1222	-65,75008	150,3858	0	0	False
126,1401	-66,95004	150,5311	0,1866376	0	False
126,1167	-68,07014	150,6755	0,409344	0	False
126,007	-69,08712	150,8161	0,6514161	0	False
125,7763	-70,05566	150,9628	0,6030017	0	False
125,4665	-70,89096	151,1037	0,4190269	0	False
124,9797	-71,88194	151,2928	0,5545873	0	False
124,2338	-72,89467	151,527	1	-0,002662801	False
123,0267	-73,72116	151,7968	0,6417332	-0,01234569	False
121,5633	-74,25566	152,0731	0,2156863	-0,03171146	False
119,9426	-74,67027	152,3328	0,2544178	-0,1382232	False
117,7486	-75,02122	152,6004	0,3415638	-0,2253692	False
115,4182	-75,12356	152,8703	0,08980878	-0,2253692	False
113,0959	-75,13458	153,1391	0	-0,2253692	False
110,7812	-75,14501	153,4065	0	-0,2253692	False
108,4745	-75,15541	153,6733	0	-0,2253692	False
105,8068	-75,16741	153,9467	0	-0,3802953	False
102,8473	-75,18072	154,2093	0	-0,4190269	False
99,74129	-75,19469	154,4784	0	-0,409344	False
96,65916	-75,20853	154,7451	0	-0,3899783	False
93,56786	-75,22243	155,0129	0	-0,3899783	False
90,47703	-75,23633	155,2806	0	-0,3899783	False
87,38612	-75,25023	155,5482	0	-0,3899783	False
84,01105	-75,26541	155,834	0	-0,409344	False
80,89156	-75,27943	156,0958	0	-0,4190269	False
77,33197	-75,29543	156,3642	0	-0,6417332	False
73,26641	-75,3137	156,6351	0	-0,5836359	False
69,13194	-75,33227	156,9114	0	-0,5061729	False
65,12121	-75,35029	157,1794	0	-0,5061729	False
61,10265	-75,36833	157,4475	0	-0,4868071	False
56,80801	-75,3876	157,7348	0	-0,409344	False
52,92464	-75,40501	157,9941	0	-0,3802953	False
48,8895	-75,42312	158,2638	0	-0,3802953	False
45,90385	-75,43652	158,4635	0	-0,3802953	False
42,5667	-75,45152	158,6867	0	-0,3802953	False
38,56807	-75,46947	158,954	0	-0,3802953	False
34,53335	-75,48763	159,2238	0	-0,3802953	False
31,51348	-75,50117	159,4256	0	-0,3802953	False
28,03992	-75,51679	159,658	0	-0,3802953	False
23,91992	-75,53529	159,9335	0	-0,322198	False
20,17937	-75,5521	160,1837	0	-0,322198	False
16,90324	-75,56684	160,4029	0	-0,2931494	False
13,51387	-75,57786	160,6296	0,070443	-0,2931494	False
9,491535	-75,50259	160,8989	0,08980878	-0,235052	False
5,819613	-75,34273	161,145	0	-0,235052	False
2,6582	-75,20295	161,3566	0	-0,235052	False
-0,6641276	-75,05605	161,5808	0	0	False
-4,517687	-74,92307	161,8475	-0,1382232	0,5836359	False
-7,613897	-74,95365	162,0841	-0,1091745	0,2544178	False
-9,697483	-75,04743	162,2638	-0,09949167	1	False
-11,34577	-75,16231	162,4409	-0,04139434	1	False
-12,62374	-75,26458	162,6241	0	0,1382232	False
-13,67506	-75,34901	162,795	0	0	False
-14,70111	-75,4314	162,9762	0	0	False
-15,63214	-75,50607	163,1555	0,05107722	0	False
-16,48705	-75,55709	163,3361	0,3512467	0	False
-17,28424	-75,54044	163,5237	0,4383927	0	False
-17,94753	-75,45182	163,7016	0,5255386	0	False
-18,75841	-75,20052	163,9608	1	0	False
-19,38441	-74,75456	164,2357	0,4577585	0	False
-19,80663	-74,30891	164,4979	0,2641007	-0,002662801	False
-20,41364	-73,51441	164,7661	0,2156863	-0,1963205	False
-21,2301	-72,23738	165,0353	0,2834665	-0,2641007	False
-21,99611	-70,67658	165,3019	0,4287098	-0,2931494	False
-22,52427	-68,98499	165,5713	0,4383927	-0,2931494	False
-22,80872	-67,03313	165,8616	0,2931494	0	False
-22,85598	-65,23585	166,1309	0,2834665	0,4771242	False
-22,77639	-63,84366	166,3986	0	1	False
-22,72378	-63,07943	166,6687	0	0,6998306	False
-22,69413	-62,64872	166,9555	0	0	False
19,5	33,74163	167,222	0	0	False
19,5	33,74163	167,4895	0	0	False
19,5	33,74163	167,7577	0	0	False
19,5	33,74163	168,0255	0	0	False
19,5	33,74163	168,2932	0	0	False
19,5	33,74163	168,5728	0	0	False
19,5	33,74163	168,8416	0	0	False
19,5	33,74163	169,1093	0	0	False
19,5	33,74163	169,3322	0	0	False
19,5	33,74163	169,5727	0	0	False
19,5	33,76944	169,8354	0	-0,070443	False
19,49999	34,30149	170,104	0	-0,1866376	False
19,49998	35,04408	170,3718	0	-0,1866376	False
19,48379	35,81675	170,6503	-0,3125151	-0,1866376	False
19,37634	36,63293	170,9189	-0,3706124	-0,2156863	False
19,14002	37,476	171,1862	-0,4577585	-0,2253692	False
18,73619	38,32918	171,4611	-0,3996611	-0,2641007	False
17,54588	40,06594	171,7336	-0,3706124	-0,5836359	False
15,94507	41,79025	172,0029	-0,6126846	-0,4480756	False
13,97595	43,02904	172,2704	-1	-0,06076011	False
11,62187	43,60362	172,5047	-0,4480756	-0,2931494	False
7,88194	43,93164	172,7606	-0,2156863	-0,5352215	False
3,778929	43,96786	173,0345	-0,1769547	-0,2931494	False
0,3576	43,82251	173,2658	0	0	False
-2,813596	43,66668	173,4872	0	0	False
-6,512217	43,48496	173,755	0	0,6417332	False
-9,767595	43,32528	174,0231	0,03171146	1	False
-11,6347	43,2451	174,2133	0,04139434	1	False
-13,044	43,20065	174,405	0,070443	1	False
-13,8817	43,1871	174,5722	0,070443	0,5352215	False
-14,48226	43,18523	174,7363	0	0	False
-15,07779	43,18439	174,9256	0	0	False
-16,00839	43,1831	175,1284	0	-0,2156863	False
-18,22051	43,12323	175,3964	-0,409344	-0,4383927	False
-20,67559	42,67606	175,6557	-1	-0,3125151	False
-22,92922	41,3991	175,9238	-1	-0,09949167	False
-24,62603	39,27483	176,2022	-1	-0,1091745	False
-25,38407	36,75544	176,4704	-0,6514161	-0,1091745	False
-25,4711	34,16575	176,7377	0	0	False
-25,48695	31,63382	177,0121	0	0	False
-25,50295	29,08017	177,274	0	-0,06076011	False
-25,51897	26,52294	177,5307	0	-0,070443	False
-25,53304	24,27745	177,7547	0	-0,070443	False
-25,55061	21,47311	178,0342	0	-0,070443	False
-25,56816	18,6713	178,3028	0	-0,1091745	False
-25,58627	15,77986	178,5697	0	-0,1382232	False
-25,60591	12,63998	178,8384	0	-0,1866376	False
-25,62498	9,585992	179,0977	0	-0,1866376	False
-25,64317	6,6746	179,3427	0	-0,1963205	False
-25,66126	3,776389	179,586	0	-0,1963205	False
-25,68121	0,5859787	179,8536	0	-0,1963205	False
-25,69887	-2,237267	180,0907	0	-0,1963205	False
-25,71284	-4,470517	180,2793	0	0	False
-25,72746	-7,506107	180,5459	-0,04139434	0	False
-25,71807	-10,31003	180,8138	0	0,4577585	False
-25,70992	-12,44009	181,0426	0	0	False
-25,70362	-14,09114	181,2306	0	0,7288792	False
-25,69672	-15,89853	181,494	0	0,4480756	False
-25,69714	-17,35716	181,7527	0,2834665	0	False
-25,78106	-18,44536	181,9638	0,5545873	0	False
-25,99672	-19,36477	182,1657	0,6417332	0	False
-26,45708	-20,28798	182,4126	1	0	False
-27,17685	-20,96516	182,6786	1	0	False
-27,79361	-21,24917	182,883	0,6030017	-0,03171146	False
-28,51453	-21,44293	183,0719	0,09949167	-0,09949167	False
-29,39379	-21,64218	183,249	0,08980878	-0,1285403	False
-30,2443	-21,80991	183,4172	0,3028322	-0,1672719	False
-31,185	-21,93055	183,5741	0,3415638	-0,1963205	False
-32,203	-21,99006	183,7415	0,1769547	-0,1963205	False
-33,23947	-22,00929	183,9091	0,0801259	-0,2156863	False
-34,3479	-22,00869	184,0762	0,05107722	-0,2544178	False
-35,5477	-21,99364	184,2325	0,04139434	-0,322198	False
-36,8019	-21,96648	184,3895	0,04139434	-0,322198	False
-38,0491	-21,92819	184,5461	0,03171146	-0,322198	False
-39,30954	-21,88156	184,704	0	-0,2641007	False
-40,56139	-21,83465	184,8593	0	-0,2931494	False
-42,15603	-21,77492	185,025	0	-0,4383927	False
-43,91675	-21,70899	185,1815	0	-0,4868071	False
-45,72935	-21,64116	185,3397	0	-0,4868071	False
-47,65672	-21,56903	185,5078	0	-0,4868071	False
-49,61771	-21,49565	185,6748	0	-0,5061729	False
-51,58122	-21,42238	185,8424	0	-0,5061729	False
-53,53753	-21,3497	186,0088	0	-0,4868071	False
-55,39051	-21,28635	186,1644	-0,1188574	-0,5061729	False
-57,2912	-21,26437	186,3223	-0,1091745	-0,5061729	False
-59,28463	-21,28573	186,4879	0	-0,4868071	False
-61,1793	-21,31341	186,6454	0	-0,4868071	False
-63,06602	-21,34097	186,802	0	-0,4868071	False
-64,94578	-21,36842	186,9582	0	-0,4868071	False
-66,87038	-21,39653	187,1142	0	-0,5061729	False
-68,715	-21,42348	187,2607	0	-0,4868071	False
-70,67357	-21,4521	187,4158	0	-0,4771242	False
-72,52831	-21,47922	187,5632	0	-0,4771242	False
-74,47938	-21,49511	187,7178	0,1479061	-0,409344	False
-76,29634	-21,46546	187,8625	0,04139434	-0,157589	False
-78,10433	-21,42117	188,0079	0	0	False
-79,84495	-21,37848	188,1532	0	0	False
-81,45388	-21,33905	188,2982	0	1	False
-82,74496	-21,30741	188,4433	0	1	False
-83,76754	-21,28235	188,5992	0	1	False
-84,40226	-21,26682	188,7441	0	0	False
-84,93687	-21,25373	188,8901	0	0	False
-85,38569	-21,24273	189,0306	0	0	False
-85,90337	-21,23006	189,1752	0	-0,1091745	False
-86,52505	-21,21483	189,3148	0	-0,1091745	False
-87,16919	-21,19906	189,4598	0	-0,08980878	False
-87,81706	-21,1832	189,6068	0	0	False
-88,44147	-21,1679	189,7615	0	0	False
-89,03857	-21,15328	189,9304	0	0	False
-89,68624	-21,13742	190,1421	-0,002662801	0	False
-90,1153	-21,12887	190,3081	-0,157589	0	False
-90,49243	-21,1347	190,4892	-0,3415638	0	False
-90,84456	-21,172	190,6666	-0,4674413	-0,08980878	False
-91,47204	-21,30402	190,8116	-0,4674413	-0,2544178	False
-92,33207	-21,571	190,9666	-0,4577585	-0,2931494	False
-93,1879	-21,93052	191,113	-0,4577585	-0,322198	False
-94,00898	-22,36873	191,258	-0,4577585	-0,322198	False
-94,78698	-22,88162	191,403	-0,4480756	-0,322198	False
-95,58574	-23,52288	191,5595	-0,3996611	-0,3318809	False
-96,35168	-24,25924	191,7158	-0,3899783	-0,3609295	False
-97,02787	-25,02426	191,8576	-0,3899783	-0,3802953	False
-97,70586	-25,92729	192,0121	-0,3899783	-0,3802953	False
-98,31664	-26,90393	192,1697	-0,3899783	-0,3802953	False
-98,85218	-27,95284	192,331	-0,3899783	-0,3802953	False
-99,26802	-28,97376	192,4823	-0,3899783	-0,3802953	False
-99,61691	-30,08691	192,6391	-0,3415638	-0,409344	False
-99,90313	-31,32029	192,7956	-0,2447349	-0,4577585	False
-100,1383	-32,66604	192,9521	-0,1091745	-0,4868071	False
-100,3571	-34,16908	193,1119	-0,06076011	-0,5739531	False
-100,5745	-35,8422	193,2643	-0,070443	-0,661099	False
-100,7816	-37,64415	193,4211	-0,09949167	-0,6707819	False
-100,9497	-39,46664	193,5781	-0,1479061	-0,6707819	False
-101,0522	-41,14476	193,7222	-0,157589	-0,6417332	False
-101,1034	-42,77135	193,8619	-0,09949167	-0,6030017	False
-101,1258	-44,47793	194,0085	-0,01234569	-0,5545873	False
-101,1394	-46,12204	194,1495	0	-0,5352215	False
-101,1535	-47,83257	194,2965	0	-0,4868071	False
-101,1677	-49,54704	194,4441	0	-0,4868071	False
-101,1823	-51,31613	194,596	0	-0,4383927	False
-101,1963	-53,00504	194,7417	0	-0,2834665	False
-101,2102	-54,68788	194,8868	0	-0,2156863	False
-101,2241	-56,37003	195,0317	0	-0,2156863	False
-101,2381	-58,05763	195,1775	0	-0,2156863	False
-101,2522	-59,76365	195,3231	0	-0,2253692	False
-101,2662	-61,45784	195,4675	0	-0,1963205	False
-101,2783	-63,12662	195,6094	-0,05107722	-0,1866376	False
-101,2708	-64,82381	195,7545	-0,1866376	-0,06076011	False
-101,2071	-66,43569	195,8935	-0,3028322	0	False
-101,0495	-68,03773	196,0383	-0,3415638	0	False
-100,7964	-69,55273	196,1826	-0,3512467	0	False
-100,4407	-71,00008	196,3288	-0,4771242	0	False
-99,8896	-72,53326	196,4977	-0,5739531	0	False
-99,02512	-74,15016	196,6974	-0,6126846	0	False
-97,93173	-75,54221	196,9008	-0,661099	0	False
-96,39045	-76,83723	197,1459	-0,6804648	0	False
-94,50246	-77,76039	197,4163	-0,6514161	-0,03171146	False
-91,61868	-78,37935	197,692	-0,3512467	-0,3802953	False
-87,70403	-78,69369	197,9812	-0,1285403	-0,409344	False
-84,11069	-78,78929	198,2421	-0,08980878	-0,409344	False
-80,3534	-78,78616	198,5102	0	-0,3899783	False
-76,59018	-78,76426	198,7789	0	-0,3899783	False
-72,81533	-78,74229	199,0465	0	-0,409344	False
-68,99426	-78,72002	199,3137	0	-0,409344	False
-65,14031	-78,69762	199,5833	0	-0,409344	False
-61,23353	-78,67493	199,8565	0	-0,409344	False
-57,4912	-78,65322	200,1181	0	-0,4190269	False
-53,48873	-78,63001	200,3856	0	-0,5449044	False
-49,44027	-78,60652	200,6552	0	-0,5545873	False
-45,42607	-78,58321	200,9231	0	-0,6126846	False
-41,42308	-78,55998	201,1899	0	-0,6320504	False
-37,40038	-78,53662	201,4584	0	-0,5836359	False
-33,28199	-78,51273	201,7329	0	-0,6804648	False
-29,36623	-78,49003	201,9941	0	-0,3609295	False
-25,31702	-78,46649	202,2642	0	-0,5061729	False
-21,31115	-78,44321	202,5313	0	-0,5352215	False
-17,3056	-78,41991	202,7985	0	-0,5449044	False
-13,28332	-78,39651	203,0665	0	-0,8838054	False
-9,265932	-78,37313	203,3344	0	-1	False
-5,15891	-78,34921	203,6081	0	-1	False
-1,222812	-78,32628	203,8706	0	-1	False
2,802248	-78,30283	204,1391	0	-1	False
6,847323	-78,27926	204,4085	0	-1	False
10,84165	-78,25598	204,6753	0	-0,7772936	False
14,85518	-78,2326	204,9434	0	-0,7095134	False
18,87144	-78,20918	205,2112	0	-0,6707819	False
22,97978	-78,18657	205,4855	0,002662801	-0,661099	False
26,58646	-78,173	205,726	0,01234569	-0,6417332	False
30,22384	-78,19913	205,97	0,08980878	0	False
33,29733	-78,30419	206,1823	0,05107722	0	False
36,12751	-78,43933	206,3845	0	0	False
39,09129	-78,58129	206,6037	0	0	False
41,61215	-78,702	206,7971	0	0	False
44,18019	-78,8249	206,9975	-0,02202857	-0,01234569	False
46,74263	-78,92982	207,1984	-0,1091745	0,7579279	False
49,20224	-78,9592	207,4188	-0,1188574	1	False
51,20329	-78,91591	207,6351	-0,070443	0	False
53,21835	-78,81821	207,8673	-0,1769547	0	False
55,05433	-78,62001	208,0919	-0,3609295	0	False
56,9195	-78,19485	208,3394	-0,4674413	0	False
58,64073	-77,49416	208,5955	-0,5158557	0	False
60,17947	-76,48793	208,8669	-0,5836359	0	False
61,6013	-75,01013	209,1331	-0,5836359	-0,157589	False
62,98809	-72,76431	209,4025	-0,5836359	-0,235052	False
63,99713	-69,71069	209,7155	-0,5836359	-0,2544178	False
64,25847	-66,71447	210,007	-0,2253692	-0,157589	False
64,2216	-63,9678	210,2775	0	0	False
64,17641	-61,21521	210,5755	0	1	False
64,14396	-59,2397	210,8555	0	1	False
64,12357	-57,99726	211,1229	0	0,661099	False
64,10848	-57,07907	211,3915	0	0	False
19,5	33,74163	211,663	0	0	False
19,5	33,74163	211,9238	0	0	False
19,5	33,74163	212,1917	0	0	False
19,5	33,74163	212,4601	0	0	False
19,5	33,74163	212,7163	0	0	False
19,5	33,74246	212,9173	0	-0,002662801	False
19,49998	34,40845	213,1861	0	-0,2641007	False
19,49992	35,52962	213,4541	0	-0,2834665	False
19,48909	36,68071	213,7266	-0,2737836	-0,2834665	False
19,36864	37,83088	213,9926	-0,4577585	-0,3125151	False
18,99982	39,13134	214,2647	-0,5836359	-0,3318809	False
18,38499	40,27944	214,5266	-0,6804648	-0,3318809	False
17,39341	41,35913	214,8024	-0,6804648	-0,3802953	False
16,06131	42,22017	215,0624	-0,661099	-0,4190269	False
14,30588	42,82822	215,3307	-0,5449044	-0,4771242	False
12,66408	43,07072	215,5538	-0,2737836	-0,4480756	False
10,65295	43,20577	215,8212	0	-0,4480756	False
7,921454	43,37384	216,0906	0	-0,6417332	False
4,55743	43,5808	216,3664	0	-0,7579279	False
1,579576	43,75249	216,5939	-0,03171146	-0,7579279	False
-1,910703	43,91074	216,861	-0,1188574	-0,7288792	False
-5,14729	43,94175	217,1084	-0,04139434	-0,6804648	False
-7,909953	43,91713	217,3198	0	-0,3512467	False
-10,76628	43,89164	217,5414	0	0,7579279	False
-13,85585	43,86405	217,8097	0	0,8838054	False
-16,37107	43,8416	218,0579	0	0	False
-18,40775	43,82338	218,2691	0	0	False
-20,61829	43,80361	218,5006	0	-0,1672719	False
-24,20794	43,77151	218,7701	0	-0,409344	False
-27,74785	43,73985	219,0061	0	-0,4190269	False
-30,78128	43,71272	219,2084	0	-0,4383927	False
-34,25429	43,68166	219,4399	0	-0,5449044	False
-38,28352	43,64561	219,7086	0	-0,5352215	False
-41,80276	43,61412	219,9433	0	-0,4771242	False
-44,20583	43,59261	220,1036	0	-0,4771242	False
-46,66452	43,57061	220,2677	0	-0,4771242	False
-48,8384	43,55116	220,4124	0	-0,4868071	False
-51,01068	43,53173	220,5575	0	-0,6320504	False
-53,16989	43,51241	220,7015	0	-0,661099	False
-55,39365	43,49252	220,8494	0	-0,661099	False
-57,52721	43,47344	220,9917	0	-0,6707819	False
-59,72515	43,45462	221,1384	0,02202857	-0,6707819	False
-61,8922	43,44762	221,2831	0,08980878	-0,6417332	False
-64,08111	43,47533	221,4288	0,0801259	-0,6126846	False
-66,24606	43,52981	221,5733	0	-0,5061729	False
-68,34345	43,58456	221,7135	0	-0,4868071	False
-70,52202	43,64139	221,8594	0	-0,4868071	False
-72,58585	43,69524	221,9972	0	-0,4480756	False
-74,75674	43,75188	222,1425	0	-0,1382232	False
-77,08387	43,81259	222,2986	0	-0,01234569	False
-79,22936	43,86855	222,444	0	0	False
-81,31812	43,92306	222,59	0	0	False
-83,31328	43,96906	222,7346	-0,1382232	0	False
-85,23708	43,9606	222,8794	-0,2931494	0	False
-87,10399	43,8381	223,025	-0,3802953	0	False
-88,88756	43,58915	223,1706	-0,2253692	0	False
-90,57071	43,26838	223,3149	-0,157589	0	False
-92,18375	42,90069	223,4604	-0,2737836	0	False
-93,89991	42,39597	223,6166	-0,5158557	-0,06076011	False
-95,4552	41,76085	223,7573	-0,6223675	-0,06076011	False
-97,16549	40,7763	223,9156	-1	-0,1382232	False
-98,73767	39,39357	224,0741	-1	-0,157589	False
-100,0596	37,54866	224,2438	-1	-0,157589	False
-101,0544	34,88976	224,4561	-0,6804648	-0,08980878	False
-101,4809	31,36373	224,7251	0	0	False
-101,6694	28,67052	224,9373	0	0	False
-101,8566	25,88563	225,1485	-0,09949167	-0,1091745	False
-102,0086	22,68144	225,3723	0	-0,08980878	False
-102,1396	19,5167	225,5857	-0,1382232	-0,2834665	False
-102,1671	16,51625	225,7858	-0,1188574	-0,2641007	False
-102,1044	13,67837	225,9748	-0,01234569	-0,2156863	False
-102,0266	10,81756	226,1662	0	-0,08980878	False
-101,945	7,833367	226,3659	0	-0,03171146	False
-101,8717	5,151302	226,5452	0	-0,03171146	False
-101,79	2,163428	226,7459	0	0	False
-101,7022	-1,047559	226,9684	0	0	False
-101,5604	-6,235038	227,3405	0	0	False
-101,4117	-11,67628	227,7438	0	0	False
-101,3014	-15,58169	228,0433	-0,1382232	0	False
-100,9106	-18,89705	228,31	-1	0	False
-99,4949	-21,84657	228,5832	-1	0	False
-97,25045	-23,92306	228,849	-1	0	False
-94,497	-25,00676	229,1178	-0,661099	0	False
-91,66491	-25,32409	229,3859	-0,1188574	0	False
-88,37587	-25,42372	229,6595	-0,1188574	-0,1963205	False
-84,76395	-25,39533	229,9209	0	-0,2253692	False
-81,03637	-25,35493	230,1895	0	-0,2156863	False
-77,29877	-25,31433	230,4589	0	-0,2156863	False
-73,60345	-25,27417	230,7252	0	-0,2156863	False
-69,88535	-25,23376	230,9932	0	-0,2156863	False
-66,17108	-25,19339	231,2609	0	-0,2156863	False
-62,33149	-25,15165	231,5378	0	-0,2156863	False
-58,71668	-25,11236	231,7984	0	-0,1963205	False
-55,01201	-25,07206	232,0652	0	-0,1963205	False
-51,2893	-25,03157	232,3338	0	0	False
-47,6671	-24,99217	232,6023	0	0	False
-44,19255	-24,95438	232,8691	0	0,1866376	False
-40,99713	-24,9196	233,1375	0	1	False
-38,3699	-24,891	233,4128	0	1	False
-36,50877	-24,87074	233,6733	0	1	False
-35,13897	-24,85583	233,9415	0	0	False
-33,93655	-24,84274	234,2107	0	0	False
-32,87194	-24,83115	234,478	0	0	False
-31,9003	-24,82057	234,7461	0	-0,04139434	False
-30,17834	-24,80182	235,0131	0	-0,2544178	False
-28,21138	-24,78041	235,287	0	-0,2544178	False
-26,32876	-24,75992	235,5491	0	-0,2544178	False
-23,99423	-24,7345	235,8176	0	-0,4190269	False
-21,39636	-24,70622	236,0866	0	-0,4190269	False
-18,82299	-24,67821	236,3533	0	-0,3899783	False
-16,23011	-24,64998	236,6222	0	-0,3899783	False
-13,58211	-24,62116	236,8899	0	-0,409344	False
-10,75049	-24,59033	237,165	0	-0,4383927	False
-8,046574	-24,56088	237,4259	0	-0,157589	False
-4,677659	-24,5242	237,6932	0	-0,3609295	False
-0,810088	-24,4821	237,963	0	-0,4868071	False
3,200034	-24,43845	238,2304	0	-0,4868071	False
7,200509	-24,3949	238,4975	0	-0,3802953	False
11,22197	-24,35524	238,7657	0	-0,3802953	False
15,33374	-24,3194	239,0404	0,03171146	-0,3802953	False
19,2504	-24,33216	239,3018	0	-0,322198	False
23,28684	-24,36638	239,5713	0	-0,322198	False
27,29473	-24,40036	239,8389	0	-0,2544178	False
31,29308	-24,43423	240,1064	0	-0,01234569	False
35,21863	-24,46746	240,374	0	0	False
39,02688	-24,49972	240,6423	0	0	False
42,78164	-24,53152	240,9168	0	1	False
45,67826	-24,55606	241,156	0	1	False
47,72766	-24,57341	241,3682	0	1	False
49,26579	-24,58644	241,5803	0	0,835391	False
50,36647	-24,59577	241,782	0	0	False
51,40378	-24,60455	241,9941	0	0	False
52,57119	-24,61444	242,2076	0	-0,1672719	False
54,08384	-24,61513	242,4069	-0,2253692	-0,2253692	False
55,68449	-24,50358	242,6105	-0,5255386	-0,09949167	False
57,3634	-24,11298	242,8324	-1	0	False
59,16828	-23,05165	243,1008	-0,661099	-0,09949167	False
60,99594	-21,19224	243,3685	-0,4287098	-0,2253692	False
62,6531	-18,77969	243,6372	-0,5933188	-0,235052	False
63,8177	-15,89573	243,9132	-0,6126846	-0,2544178	False
64,29308	-13,00592	244,1728	-0,3802953	0	False
64,37712	-10,07678	244,4415	-0,02202857	0	False
64,37732	-7,264907	244,7112	0	0	False
64,37751	-4,612948	244,978	0	0	False
64,37771	-2,078761	245,2454	0	0	False
64,34903	0,3276647	245,5132	-0,3028322	0	False
64,07368	2,643049	245,7877	-0,4771242	0	False
63,36533	4,924235	246,0505	-0,5739531	-0,09949167	False
61,99623	7,358621	246,318	-0,6514161	-0,1866376	False
59,95259	9,532406	246,5894	-0,6901477	-0,03171146	False
57,55578	11,03081	246,8537	-0,6901477	0	False
54,95044	11,84505	247,1209	-0,6901477	0	False
52,32563	12,02522	247,3902	-0,1188574	-0,002662801	False
49,06549	12,01085	247,6639	0	-0,2156863	False
45,54117	11,99376	247,9252	0	-0,2834665	False
41,66131	11,97492	248,2049	0	-0,2544178	False
37,94204	11,95686	248,4731	0	-0,2253692	False
34,23197	11,93882	248,7406	0	-0,2253692	False
30,52429	11,9208	249,008	0	-0,2253692	False
26,64316	11,90191	249,2879	0	-0,2253692	False
22,84624	11,88342	249,562	0	-0,2253692	False
19,21623	11,86575	249,8236	0	-0,2253692	False
15,49183	11,8476	250,0921	0	-0,2253692	False
11,59562	11,8286	250,3731	0	-0,2156863	False
7,906468	11,81058	250,6402	0	0	False
4,308953	11,79298	250,9083	0	0	False
0,8560369	11,77607	251,1751	0	0	False
-1,948182	11,76233	251,4002	0	0,2544178	False
-4,518976	11,74974	251,6221	0	1	False
-7,097985	11,73711	251,8907	0	0,4771242	False
-9,289919	11,72637	252,1495	0	0	False
-10,87465	11,71861	252,349	0	0,1285403	False
-12,46063	11,71084	252,5766	0	0,9031711	False
-13,80585	11,70425	252,8392	0	0	False
-14,9273	11,69876	253,0973	0	0	False
-15,66354	11,69515	253,2876	0	0	False
-16,33223	11,69188	253,486	0	0	False
-17,11332	11,69274	253,7554	0,2060034	0	False
-17,7338	11,73046	254,0117	0,2253692	0	False
-18,19679	11,79294	254,191	0,235052	-0,070443	False
-18,85359	11,92071	254,3698	0,235052	-0,1672719	False
-19,8067	12,17012	254,5715	0,3996611	-0,1672719	False
-21,03965	12,69361	254,8497	0,6707819	0	False
-21,94035	13,45468	255,1198	1	0	False
-22,43561	14,37704	255,3892	1	0	False
-22,57673	15,31905	255,6669	0,3802953	-0,002662801	False
-22,56935	16,24863	255,934	0,06076011	-0,01234569	False
-22,53468	17,15585	256,2078	0,05107722	0	False
-22,49591	17,89865	256,4702	0	0	False
-22,46211	18,53711	256,7415	0	0	False
-22,43415	19,06524	257,0214	0	0	False
19,5	33,742	257,2864	0	0	False
19,5	33,74162	257,5534	0	0	False
19,5	33,74162	257,8217	0	0	False
19,5	33,74162	258,1013	0	0	False
19,5	33,74162	258,3689	0	0	False
19,5	33,74162	258,6368	0	0	False
19,5	33,74162	258,9048	0	0	False
19,5	34,16866	259,1846	0	-0,2931494	False
19,49998	35,33972	259,4535	0	-0,1866376	False
19,49467	36,46338	259,7204	-0,2253692	0	False
19,39636	37,597	259,9939	-0,3996611	-0,09949167	False
18,95112	39,49154	260,2572	-0,4577585	-0,3125151	False
18,02474	41,59079	260,5248	-1	-0,2544178	False
16,42336	43,30184	260,7952	-1	-0,1866376	False
14,34711	44,28974	261,0604	-1	-0,1672719	False
12,14324	44,51609	261,3181	-0,3125151	0	False
9,936631	44,43708	261,5871	0	0	False
7,39396	44,32846	261,8537	0	-0,157589	False
4,431436	44,20188	262,1218	0	-0,2156863	False
1,553185	44,07889	262,3786	0	-0,2156863	False
-1,070292	43,96678	262,6129	0	-0,09949167	False
-3,429674	43,86597	262,8257	0	0	False
-5,684654	43,76961	263,0379	0	0	False
-7,467153	43,69344	263,2174	0	1	False
-8,928335	43,63099	263,4061	0	1	False
-9,90855	43,5891	263,5872	0	0,7966594	False
-10,75048	43,55312	263,7929	0	0	False
-11,4483	43,52329	263,9872	0	0	False
-12,0801	43,49628	264,1893	0	0	False
-12,64993	43,47193	264,4043	0	0	False
-13,33684	43,44258	264,6031	0	-0,1672719	False
-14,36472	43,39864	264,8031	0	-0,1866376	False
-15,4148	43,35379	265,0039	0,02202857	0	False
-16,41466	43,33677	265,2115	0,409344	0	False
-17,25123	43,41296	265,4063	0,5545873	0	False
-18,2001	43,66442	265,6618	0,5642702	0	False
-18,92225	44,01712	265,8995	0,5642702	0	False
-19,51051	44,45849	266,1438	0,5255386	-0,03171146	False
-20,36248	45,39514	266,411	0,4480756	-0,1866376	False
-21,18183	46,6543	266,669	0,4577585	-0,2253692	False
-21,84871	48,17508	266,9363	0,4771242	-0,2253692	False
-22,2254	49,72737	267,1935	0,5158557	-0,2253692	False
-22,32018	51,38741	267,4619	0,3318809	-0,09949167	False
-22,23978	53,09954	267,7295	0	-0,1866376	False
-22,09259	55,95351	267,9965	0	-0,4480756	False
-21,93147	59,07742	268,2441	0	-0,4383927	False
-21,7963	61,74171	268,4555	-0,02202857	-0,070443	False
-21,69913	64,28467	268,657	-0,1769547	-0,070443	False
-21,70727	67,30177	268,869	0	-0,1963205	False
-21,75752	70,91077	269,1145	0	-0,2156863	False
-21,80093	74,02868	269,3229	0	-0,2834665	False
-21,84628	77,2854	269,5399	0	-0,3318809	False
-21,8904	80,45362	269,7514	0	-0,3318809	False
-21,93399	83,58489	269,9601	0	-0,3318809	False
-21,97659	86,64484	270,164	0	-0,3318809	False
-22,0186	89,66047	270,3653	0	-0,3318809	False
-22,06299	92,84857	270,5779	0	-0,3318809	False
-22,10507	95,86974	270,7791	0	-0,3318809	False
-22,14937	99,04905	270,9911	0	-0,2931494	False
-22,19364	102,2269	271,2031	0	-0,2641007	False
-22,23895	105,4791	271,4226	0	0	False
-22,27772	108,2609	271,616	0	0	False
-22,31661	111,0523	271,8169	0	0	False
-22,35528	113,8276	272,0237	0	0	False
-22,39261	116,5074	272,2309	0,01234569	0	False
-22,40174	118,8691	272,4204	0,2544178	0	False
-22,21052	121,4015	272,6325	0,5545873	0	False
-21,83607	123,1441	272,7874	0,6804648	0	False
-21,23137	124,6543	272,9351	1	0	False
-20,24984	126,0957	273,1013	1	0	False
-18,98356	127,2474	273,2716	1	0	False
-17,12587	128,19	273,4902	1	0	False
-14,78081	128,5126	273,752	1	0	False
-12,51109	128,1412	274,019	0	0	False
-10,07067	127,6117	274,2934	-0,002662801	-0,06076011	False
-7,322718	127,0248	274,5545	-0,1091745	-0,322198	False
-3,370808	126,3483	274,8221	-0,2544178	-0,3125151	False
0,4012973	126,0053	275,0749	-0,1382232	-0,2253692	False
3,341337	125,8722	275,2708	-0,1382232	-0,2253692	False
6,484605	125,8352	275,481	0	-0,01234569	False
9,600609	125,8106	275,6889	0	-0,08980878	False
12,70634	125,7861	275,8957	0	-0,2834665	False
16,79422	125,7538	276,1685	0	-0,2931494	False
20,71831	125,7227	276,4301	0	-0,5061729	False
24,73061	125,6909	276,698	0	-0,5739531	False
28,10765	125,6642	276,9228	0	-0,5352215	False
31,08731	125,6407	277,1216	-0,03171146	-0,5352215	False
34,41463	125,625	277,3449	0	0	False
38,32557	125,6166	277,6151	-0,1091745	0	False
41,31169	125,6932	277,8276	-0,1285403	0,6417332	False
43,54733	125,8194	278,0066	0	1	False
45,21712	125,9244	278,1721	0	0,9031711	False
46,50808	126,0055	278,3315	0	0	False
47,67364	126,0787	278,4868	0	0	False
48,83486	126,1516	278,6523	0	0	False
49,86034	126,2161	278,8088	0	0	False
50,82462	126,2767	278,9681	0	0	False
51,75777	126,3353	279,1351	0	0	False
52,60556	126,3886	279,3015	0	0	False
53,32772	126,434	279,4578	0	0	False
53,9807	126,475	279,6153	0	0	False
54,65019	126,517	279,7987	0	0	False
55,18468	126,5506	279,9671	0	0	False
55,64652	126,5788	280,1385	0,08980878	0	False
56,32592	126,6055	280,3068	0,1479061	-0,2544178	False
57,42003	126,6088	280,4866	0,3028322	-0,09949167	False
58,71655	126,4999	280,7079	0,5642702	0	False
60,09307	126,0386	280,9774	1	0	False
61,10954	125,185	281,2473	1	0	False
61,67688	124,1361	281,5164	1	0	False
61,84253	122,8137	281,7966	0,1866376	-0,2253692	False
61,87947	120,663	282,0643	0	-0,3512467	False
61,92354	117,8193	282,3376	0,02202857	-0,4577585	False
61,96066	114,2539	282,5994	0	-0,7966594	False
61,99329	110,2258	282,8681	0,070443	-0,7095134	False
61,94057	106,2012	283,1364	0,04139434	-0,7095134	False
61,82937	102,1286	283,4087	0	-0,7095134	False
61,72129	98,19121	283,6714	0	-0,7095134	False
61,61092	94,16989	283,9399	0	-0,7095134	False
61,49814	90,06023	284,2143	0	-0,7095134	False
61,39034	86,13196	284,4764	0	-0,7095134	False
61,2796	82,09586	284,7458	0	-0,7095134	False
61,16952	78,08556	285,0132	0	-0,7095134	False
61,05957	74,07993	285,281	0	-0,7095134	False
60,94966	70,07561	285,5481	0	-1	False
60,83925	66,05309	285,8166	0	-0,8934883	False
60,7294	61,96173	286,0894	0	-1	False
60,62981	58,03091	286,3516	-0,01234569	-1	False
60,59524	53,9982	286,6208	0	-0,8547567	False
60,60792	49,97603	286,889	0	-0,835391	False
60,62049	45,99524	287,1545	0	-0,7579279	False
60,63327	41,96049	287,4239	0	-0,6417332	False
60,64592	37,96426	287,6915	0	-0,09949167	False
60,6593	33,73183	287,9806	0	0	False
60,67083	30,07949	288,2384	0	0	False
60,68227	26,45386	288,5059	0	1	False
60,69199	23,37673	288,7741	0	1	False
60,7	20,84467	289,0534	0	0,3512467	False
60,7068	18,69254	289,3209	0	0	False
60,71282	16,78512	289,579	0	1	False
60,71559	15,49613	289,8238	0,1963205	0	False
60,58738	14,29181	290,1035	1	0	False
60,14124	13,35915	290,3724	0,6417332	0	False
59,54703	12,66563	290,6397	0,5449044	-0,01234569	False
58,76361	12,06771	290,9087	0,5545873	-0,04139434	False
57,73335	11,5753	291,1759	0,5449044	-0,09949167	False
56,32741	11,23034	291,4505	0,4287098	-0,1672719	False
54,64212	11,0869	291,7119	0,1963205	-0,235052	False
52,75821	11,05468	291,9803	0,002662801	-0,2931494	False
49,75074	11,02835	292,2486	0	-0,7288792	False
45,74567	10,99431	292,5161	0,002662801	-0,4480756	False
41,73584	10,96431	292,7844	0,04139434	-0,4190269	False
37,71347	10,98145	293,0526	0,01234569	-0,4577585	False
33,61968	11,03072	293,3257	0,002662801	-0,2834665	False
29,69654	11,08243	293,5879	0,002662801	-0,2544178	False
25,68937	11,13803	293,8556	0	-0,2253692	False
21,64893	11,19423	294,1256	0	-0,2253692	False
17,65831	11,24978	294,3924	0	-0,2253692	False
13,65801	11,30553	294,6603	0	0	False
9,7498	11,36002	294,9282	0	0	False
5,873226	11,41409	295,2031	0	0	False
2,298149	11,46316	295,4653	-0,04139434	0	False
-0,6075611	11,47433	295,6862	-0,070443	0	False
-3,316663	11,43551	295,9002	0	0	False
-5,651663	11,39392	296,1011	0	1	False
-7,433279	11,36219	296,2918	0	1	False
-9,031363	11,33373	296,5143	0	0	False
-10,31638	11,31086	296,7154	0	0	False
-11,44255	11,29081	296,9055	0	0	False
-12,63555	11,26956	297,1248	0	0	False
-13,65072	11,25149	297,3298	0	0	False
-14,56991	11,23512	297,5347	0	0	False
-15,34033	11,21631	297,7275	-0,2060034	0	False
-15,98239	11,17025	297,9103	-0,3318809	0	False
-16,56225	11,07935	298,0896	-0,3609295	-0,070443	False
-17,52646	10,83644	298,2692	-0,3899783	-0,2156863	False
-18,59768	10,45446	298,4486	-0,409344	-0,2253692	False
-19,6939	9,924604	298,6387	-0,4771242	-0,2253692	False
-20,81723	9,176916	298,8498	-0,5836359	-0,2253692	False
-21,80017	8,247877	299,0613	-0,6126846	-0,2253692	False
-22,56724	7,21014	299,2631	-0,5933188	-0,2253692	False
-23,20632	5,934717	299,4861	-0,4577585	-0,2253692	False
-23,59447	4,783583	299,6757	-0,3899783	-0,2253692	False
-23,914	3,312318	299,9114	-0,2737836	-0,1963205	False
-24,0878	1,954823	300,1238	-0,1479061	-0,157589	False
-24,21998	0,3953352	300,3128	-0,002662801	-0,3609295	False
-24,36129	-1,425972	300,4922	0	-0,409344	False
-24,51661	-3,427989	300,682	0	-0,4190269	False
-24,66972	-5,422464	300,8706	-0,03171146	-0,4190269	False
-24,80494	-7,404306	301,0581	-0,08980878	-0,4190269	False
-24,89477	-9,274755	301,2285	-0,070443	-0,4383927	False
-24,96455	-11,37314	301,4192	-0,002662801	-0,4190269	False
-25,0341	-13,55023	301,6077	-0,002662801	-0,5061729	False
-25,10151	-15,74159	301,7763	-0,04139434	-0,5739531	False
-25,15052	-17,98353	301,9436	-0,04139434	-0,5836359	False
-25,17794	-20,24149	302,1107	0	-0,4190269	False
-25,20128	-22,49842	302,2786	0	-0,3609295	False
-25,2245	-24,74424	302,4448	0	-0,3802953	False
-25,24793	-27,01084	302,6026	0	-0,4577585	False
-25,27259	-29,39638	302,7617	0	-0,661099	False
-25,29636	-31,69416	302,9146	0	-0,6126846	False
-25,31884	-33,86727	303,0599	0	-0,5158557	False
-25,34138	-36,04649	303,2057	0	-0,002662801	False
-25,36524	-38,3531	303,3627	0	0	False
-25,38816	-40,56848	303,5186	0	0,6804648	False
-25,40874	-42,55841	303,6747	0	1	False
-25,42534	-44,16379	303,8288	0	1	False
-25,43743	-45,3321	303,9762	0	1	False
-25,44569	-46,12964	304,1207	0	1	False
-25,45044	-46,58765	304,2693	0	1	False
-25,45169	-46,70756	304,4216	0	1	False
-25,4517	-46,70756	304,5668	0	0,5449044	False
-25,45172	-46,70756	304,712	0	0	False
-25,45172	-46,70756	304,8586	0	0	False
19,5	33,74163	305,0819	0	0	False
19,5	33,74163	305,3504	0	0	False
19,5	33,74163	305,6239	0	0	False
19,5	33,74163	305,886	0	0	False
19,5	33,74163	306,1548	0	0	False
19,5	33,74163	306,4229	0	0	False
19,5	33,74163	306,6916	0	0	False
19,5	33,74163	306,9587	0	0	False
19,5	33,74163	307,2265	0	0	False
19,5	33,74163	307,4971	0	0	False
19,5	33,74163	307,7632	0	0	False
19,5	33,74163	308,0301	0	0	False
19,5	33,74163	308,197	0	0	False
19,5	33,74163	308,3435	0	0	False
19,5	33,74163	308,4983	0	0	False
19,5	33,74163	308,6321	0	0	False
19,5	33,74163	308,7675	0	0	False
19,5	33,74163	308,9131	0	0	False
19,5	33,74163	309,1704	0	0	False
19,5	33,74163	309,4385	0	0	False
19,5	33,74163	309,7063	0	0	False
19,5	33,74163	309,9746	0	0	False
19,5	33,74163	310,2422	0	0	False
19,5	33,74163	310,5109	0	0	False
19,5	33,74163	310,7793	0	0	False
19,5	33,74163	311,0521	0	0	False
19,5	33,74163	311,316	0	0	False
19,5	33,74163	311,5829	0	0	False
19,5	33,74163	311,8515	0	0	False
19,5	33,74163	312,1191	0	0	False
19,5	33,74163	312,3872	0	0	False
19,5	33,74163	312,6559	0	0	False
19,5	33,74163	312,9241	0	0	False
19,5	33,74163	313,1929	0	0	False
19,5	33,74163	313,4601	0	0	False
19,5	33,74163	313,7292	0	0	False
19,5	33,74163	313,9967	0	0	False
19,5	33,74163	314,2668	0	0	False
19,5	33,74163	314,5324	0	0	False
19,5	33,74163	314,7998	0	0	False
19,5	33,74163	315,0679	0	0	False
19,5	33,74163	315,3369	0	0	False
19,5	33,74163	315,6044	0	0	False
19,5	33,74163	315,8834	0	0	False
19,5	33,74163	316,1519	0	0	False
19,5	33,74163	316,4202	0	0	False
19,5	33,74162	316,688	0	0	False
19,5	33,74162	316,9672	0	0	False
19,5	33,74162	317,2444	0	0	False
19,5	33,74162	317,4926	0	0	False
19,5	33,74162	317,6928	0	0	False
19,5	33,74162	317,8724	0	0	False
19,5	33,74162	318,0287	0	0	False
19,5	33,74162	318,1844	0	0	False
19,5	33,74162	318,3413	-0,0801259	0	False
19,50001	33,74159	318,5145	0	0	False
19,50001	33,74159	318,6993	0	0	False
19,50001	33,74158	318,8893	0,1285403	0	False
19,50001	33,74158	319,0779	0	0	False
19,50001	33,74158	319,2591	0	0	False
19,50001	33,74158	319,4344	0	0	False
19,50001	33,74158	319,6039	0	0	False
19,50001	33,74158	319,7704	0	0	False
19,50001	33,74158	319,9261	0	0	False
19,50001	33,74158	320,0931	0	0	False
19,50001	33,74158	320,2625	0	0	False
19,50001	33,74158	320,4302	0	0	False
19,50001	33,74158	320,5956	0	0	False
19,50001	33,74158	320,7423	0	0	False
19,50001	33,74158	320,8976	0	0	False
19,50001	33,74158	321,0352	0,1285403	0	False
19,50001	33,74155	321,1885	0,4190269	0	False
19,50001	33,74156	321,3458	0,3899783	0	False
19,50001	33,74156	321,5128	0,05107722	0	False
19,50001	33,74156	321,6797	0	0	False
19,50001	33,74156	321,8548	-0,04139434	0	False
19,50001	33,74155	322,0128	-0,2156863	0	False
19,50001	33,74155	322,1684	-0,070443	0	False
19,50001	33,74155	322,335	0	0	False
19,50001	33,74155	322,4918	0	0	False
19,50001	33,74156	322,6473	0,1479061	0	False
19,50001	33,74155	322,8051	0,3512467	0	False
19,50001	33,74155	322,9428	0,49649	0	False
19,50001	33,74155	323,0979	0,5545873	0	False
19,50001	33,74152	323,2552	0,6417332	0	False
19,50001	33,74151	323,4122	1	0	False
19,5	33,7415	323,5875	0,6320504	0	False
19,5	33,7415	323,7585	0,3609295	0	False
19,5	33,7415	323,95	0,1479061	0	False
19,5	33,7415	324,1493	0,1672719	0	False
19,5	33,7415	324,3894	0,2060034	0	False
19,49999	33,7415	324,653	0	0	False
19,5	33,7415	324,9202	-0,322198	0	False
19,49999	33,74149	325,1886	-0,4868071	0	False
19,49999	33,74148	325,3903	-0,6030017	0	False
19,49999	33,74148	325,5817	-0,6804648	0	False
19,49999	33,74148	325,853	-0,6804648	0	False
19,49999	33,74148	326,1143	-0,1479061	0	False
19,49999	33,74148	326,2923	0	0	False
19,49999	33,74148	326,4345	0	0	False
19,49999	33,74148	326,5928	0	0	False
19,49999	33,74148	326,7373	0	0	False
19,49999	33,74148	326,8869	0	0	False
19,49999	33,74148	327,0427	0	0	False
19,49999	33,74148	327,2023	0	0	False
19,49998	33,74148	327,3752	0	0	False
19,49998	33,74148	327,531	0	0	False
19,49998	33,74148	327,7121	0	0	False
19,49998	33,74148	327,8812	0	0	False
19,49998	33,74148	328,0585	0	0	False
19,49998	33,74148	328,2278	0	0	False
19,49998	33,74148	328,4047	0	0	False
19,49998	33,74148	328,5848	0	0	False
19,49998	33,74148	328,7633	0	0	False
19,49998	33,74148	328,929	0	0	False
19,49998	33,74148	329,0972	0	0	False
19,49998	33,74148	329,2673	0	0	False
19,49998	33,74148	329,4094	0	0	False
19,49998	33,74148	329,555	0	0	False
19,49998	33,74148	329,7013	0	0	False
19,49998	33,74148	329,8477	0	0	False
